   51.0499992       2.63928246       1.05174156E-02   1.05174156E-02           0
   52.0000000       2.68402481       1.05174156E-02   1.05174156E-02           0
   53.0499992       2.50711417       1.05174156E-02   1.05174156E-02           0
   53.9000015       2.42382789       1.05174156E-02   1.05174156E-02           0
   54.9500008       2.57236934       1.05174156E-02   1.05174156E-02           0
   56.0999985       2.78910708       1.05174156E-02   1.05174156E-02           0
   56.9000015       2.61216569       1.05174156E-02   1.05174156E-02           0
   57.9000015       2.60605955       1.05174156E-02   1.05174156E-02           0
   58.7500000       2.86750507       1.05174156E-02   1.05174156E-02           0
   59.5999985       2.97384810       1.05174156E-02   1.05174156E-02           0
   60.4500008       3.00078321       1.05174156E-02   1.05174156E-02           0
   61.5000000       2.95758152       1.05174156E-02   1.05174156E-02           0
   62.5000000       2.87064695       1.05174156E-02   1.05174156E-02           0
   63.4500008       2.67369127       1.05174156E-02   1.05174156E-02           0
   64.4499969       2.66526294       1.05174156E-02   1.05174156E-02           0
   65.3000031       2.79810214       1.05174156E-02   1.05174156E-02           0
   66.4000015       2.90598011       1.05174156E-02   1.05174156E-02           0
   67.2500000       3.13296032       1.05174156E-02   1.05174156E-02           0
   68.4499969       3.13045192       1.05174156E-02   1.05174156E-02           0
   69.3000031       3.07262158       1.05174156E-02   1.05174156E-02           0
   70.2500000       3.23070836       1.05174156E-02   1.05174156E-02           0
   71.1500015       3.34864426       1.05174156E-02   1.05174156E-02           0
   72.4000015       3.18543363       1.05174156E-02   1.05174156E-02           0
   73.5000000       3.14665818       1.05174156E-02   1.05174156E-02           0
   74.8499985       3.06907177       1.05174156E-02   1.05174156E-02           0
   75.6999969       3.01626110       1.05174156E-02   1.05174156E-02           0
   76.6999969       3.16272235       1.05174156E-02   1.05174156E-02           0
   77.6999969       3.48003387       1.05174156E-02   1.05174156E-02           0
   78.9000015       3.67406583       1.05174156E-02   1.05174156E-02           0
   79.6999969       3.63204527       1.05174156E-02   1.05174156E-02           0
   80.6999969       3.71406794       1.05174156E-02   1.05174156E-02           0
   81.9499969       3.52644324       1.05174156E-02   1.05174156E-02           0
   83.0000000       3.54792333       1.05174156E-02   1.05174156E-02           0
   84.0999985       3.68230343       1.05174156E-02   1.05174156E-02           0
   85.3000031       3.62677336       1.05174156E-02   1.05174156E-02           0
   86.1500015       3.67140436       1.05174156E-02   1.05174156E-02           0
   87.5000000       3.61937451       1.05174156E-02   1.05174156E-02           0
   88.6999969       3.54092741       1.05174156E-02   1.05174156E-02           0
   89.5500031       3.29596591       1.05174156E-02   1.05174156E-02           0
   90.7500000       3.35786605       1.05174156E-02   1.05174156E-02           0
   91.8499985       3.53463364       1.05174156E-02   1.05174156E-02           0
   92.6999969       3.70947409       1.05174156E-02   1.05174156E-02           0
   94.1500015       3.88402319       1.05174156E-02   1.05174156E-02           0
   95.0999985       3.95561099       1.05174156E-02   1.05174156E-02           0
   95.9499969       3.72395945       1.05174156E-02   1.05174156E-02           0
   97.0000000       3.58490658       1.05174156E-02   1.05174156E-02           0
   97.9000015       3.40027380       1.05174156E-02   1.05174156E-02           0
   98.8000031       3.51913595       1.05174156E-02   1.05174156E-02           0
   99.9000015       3.54905343       1.05174156E-02   1.05174156E-02           0
   101.000000       3.59858060       1.05174156E-02   1.05174156E-02           0
   101.849998       3.54284191       1.05174156E-02   1.05174156E-02           0
   103.150002       3.81569004       1.05174156E-02   1.05174156E-02           0
   104.349998       4.08768559       1.05174156E-02   1.05174156E-02           0
   105.500000       4.33934784       1.05174156E-02   1.05174156E-02           0
   106.949997       4.74784517       1.05174156E-02   1.05174156E-02           0
   107.949997       4.62139177       1.05174156E-02   1.05174156E-02           0
   109.199997       4.06779289       1.05174156E-02   1.05174156E-02           0
   110.199997       3.72427011       1.05174156E-02   1.05174156E-02           0
   111.050003       3.56196666       1.05174156E-02   1.05174156E-02           0
   112.050003       3.63260269       1.05174156E-02   1.05174156E-02           0
   112.949997       3.69541192       1.05174156E-02   1.05174156E-02           0
   114.199997       3.77677011       1.05174156E-02   1.05174156E-02           0
   115.150002       4.11364222       1.05174156E-02   1.05174156E-02           0
   116.400002       3.87338090       1.05174156E-02   1.05174156E-02           0
   117.349998       3.85821152       1.05174156E-02   1.05174156E-02           0
   118.599998       4.06747055       1.05174156E-02   1.05174156E-02           0
   119.699997       3.91908193       1.05174156E-02   1.05174156E-02           0
   120.750000       3.66184187       1.05174156E-02   1.05174156E-02           0
   122.150002       3.78963804       1.05174156E-02   1.05174156E-02           0
   123.199997       3.72988939       1.05174156E-02   1.05174156E-02           0
   124.550003       3.37319708       1.05174156E-02   1.05174156E-02           0
   125.650002       3.32198143       1.05174156E-02   1.05174156E-02           0
   126.699997       3.07468939       1.05174156E-02   1.05174156E-02           0
   127.750000       2.99114060       1.05174156E-02   1.05174156E-02           0
   128.800003       2.99515224       1.05174156E-02   1.05174156E-02           0
   129.850006       3.05217934       1.05174156E-02   1.05174156E-02           0
   130.699997       3.01098466       1.05174156E-02   1.05174156E-02           0
   131.899994       3.07508421       1.05174156E-02   1.05174156E-02           0
   133.050003       2.99282813       1.05174156E-02   1.05174156E-02           0
   134.000000       2.76043224       1.05174156E-02   1.05174156E-02           0
   134.800003       2.73367786       1.05174156E-02   1.05174156E-02           0
   135.750000       2.53224874       1.05174156E-02   1.05174156E-02           0
   136.949997       2.53457761       1.05174156E-02   1.05174156E-02           0
   137.899994       2.77280545       1.05174156E-02   1.05174156E-02           0
   138.850006       2.66122270       1.05174156E-02   1.05174156E-02           0
   140.300003       2.41657424       1.05174156E-02   1.05174156E-02           0
   141.449997       2.52845621       1.05174156E-02   1.05174156E-02           0
   142.300003       2.71682429       1.05174156E-02   1.05174156E-02           0
   143.500000       2.76513505       1.05174156E-02   1.05174156E-02           0
   144.750000       2.65399766       1.05174156E-02   1.05174156E-02           0
   145.949997       2.55898809       1.05174156E-02   1.05174156E-02           0
   146.949997       2.45486879       1.05174156E-02   1.05174156E-02           0
