  -17.5399323       0.00000000       0.00000000       0.00000000       0.00000000    
  -17.3399315       0.00000000       0.00000000       0.00000000       0.00000000    
  -17.1399326       0.00000000       0.00000000       0.00000000       0.00000000    
  -16.9399319       0.00000000       0.00000000       0.00000000       0.00000000    
  -16.7399330       0.00000000       0.00000000       0.00000000       0.00000000    
  -16.5399323       0.00000000       0.00000000       0.00000000       0.00000000    
  -16.3399315       0.00000000       0.00000000       0.00000000       0.00000000    
  -16.1399326       0.00000000       0.00000000       0.00000000       0.00000000    
  -15.9399319       0.00000000       0.00000000       0.00000000       0.00000000    
  -15.7399321       0.00000000       0.00000000       0.00000000       0.00000000    
  -15.5399323       0.00000000       0.00000000       0.00000000       0.00000000    
  -15.3399324       0.00000000       0.00000000       0.00000000       0.00000000    
  -15.1399326       0.00000000       0.00000000       0.00000000       0.00000000    
  -14.9399319       0.00000000       0.00000000       0.00000000       0.00000000    
  -14.7399321       0.00000000       0.00000000       0.00000000       0.00000000    
  -14.5399323       0.00000000       0.00000000       0.00000000       0.00000000    
  -14.3399324       0.00000000       0.00000000       0.00000000       0.00000000    
  -14.1399326       0.00000000       0.00000000       0.00000000       0.00000000    
  -13.9399319       0.00000000       0.00000000       0.00000000       0.00000000    
  -13.7399321       0.00000000       0.00000000       0.00000000       0.00000000    
  -13.5399323       0.00000000       0.00000000       0.00000000       0.00000000    
  -13.3399315       0.00000000       0.00000000       0.00000000       0.00000000    
  -13.1399326       0.00000000       0.00000000       0.00000000       0.00000000    
  -12.9399319       0.00000000       0.00000000       0.00000000       0.00000000    
  -12.7399321       0.00000000       0.00000000       0.00000000       0.00000000    
  -12.5399323       0.00000000       0.00000000       0.00000000       0.00000000    
  -12.3399315       0.00000000       0.00000000       0.00000000       0.00000000    
  -12.1399326       0.00000000       0.00000000       0.00000000       0.00000000    
  -11.9399319       0.00000000       0.00000000       0.00000000       0.00000000    
  -11.7399321       0.00000000       0.00000000       0.00000000       0.00000000    
  -11.5399323       0.00000000       0.00000000       0.00000000       0.00000000    
  -11.3399315       0.00000000       0.00000000       0.00000000       0.00000000    
  -11.1399326       0.00000000       0.00000000       0.00000000       0.00000000    
  -10.9399319       0.00000000       0.00000000       0.00000000       0.00000000    
  -10.7399321       0.00000000       0.00000000       0.00000000       0.00000000    
  -10.5399323       0.00000000       0.00000000       0.00000000       0.00000000    
  -10.3399315       0.00000000       0.00000000       0.00000000       0.00000000    
  -10.1399326       0.00000000       0.00000000       0.00000000       0.00000000    
  -9.93993187       0.00000000       0.00000000       0.00000000       0.00000000    
  -9.73993206       0.00000000       0.00000000       0.00000000       0.00000000    
  -9.53993225       0.00000000       0.00000000       0.00000000       0.00000000    
  -9.33993244       0.00000000       0.00000000       0.00000000       0.00000000    
  -9.13993168       0.00000000       0.00000000       0.00000000       0.00000000    
  -8.93993187       0.00000000       0.00000000       0.00000000       0.00000000    
  -8.73993206       0.00000000       0.00000000       0.00000000       0.00000000    
  -8.53993225       0.00000000       0.00000000       0.00000000       0.00000000    
  -8.33993244       0.00000000       0.00000000       0.00000000       0.00000000    
  -8.13993168       0.00000000       0.00000000       0.00000000       0.00000000    
  -7.93993187       0.00000000       0.00000000       0.00000000       0.00000000    
  -7.73993206       0.00000000       0.00000000       0.00000000       0.00000000    
  -7.53993225       0.00000000       0.00000000       0.00000000       0.00000000    
  -7.33993244       0.00000000       0.00000000       0.00000000       0.00000000    
  -7.13993168       0.00000000       0.00000000       0.00000000       0.00000000    
  -6.93993187       0.00000000       0.00000000       0.00000000       0.00000000    
  -6.73993206       0.00000000       0.00000000       0.00000000       0.00000000    
  -6.53993225       0.00000000       0.00000000       0.00000000       0.00000000    
  -6.33993244       0.00000000       0.00000000       0.00000000       0.00000000    
  -6.13993168       0.00000000       0.00000000       0.00000000       0.00000000    
  -5.93993187       0.00000000       0.00000000       0.00000000       0.00000000    
  -5.73993206       0.00000000       0.00000000       0.00000000       0.00000000    
  -5.53993225       0.00000000       0.00000000       0.00000000       0.00000000    
  -5.33993244       0.00000000       0.00000000       0.00000000       0.00000000    
  -5.13993168       0.00000000       0.00000000       0.00000000       0.00000000    
  -4.93993187       0.00000000       0.00000000       0.00000000       0.00000000    
  -4.73993206       0.00000000       0.00000000       0.00000000       0.00000000    
  -4.53993225       0.00000000       0.00000000       0.00000000       0.00000000    
  -4.33993244       0.00000000       0.00000000       0.00000000       0.00000000    
  -4.13993168       0.00000000       0.00000000       0.00000000       0.00000000    
  -3.93993187       0.00000000       0.00000000       0.00000000       0.00000000    
  -3.73993206       0.00000000       0.00000000       0.00000000       0.00000000    
  -3.53993225       0.00000000       0.00000000       0.00000000       0.00000000    
  -3.33993244       0.00000000       0.00000000       0.00000000       0.00000000    
  -3.13993168       0.00000000       0.00000000       0.00000000       0.00000000    
  -2.93993187       0.00000000       0.00000000       0.00000000       0.00000000    
  -2.73993206       0.00000000       0.00000000       0.00000000       0.00000000    
  -2.53993225       0.00000000       0.00000000       0.00000000       0.00000000    
  -2.33993244       0.00000000       0.00000000       0.00000000       0.00000000    
  -2.13993168       0.00000000       0.00000000       0.00000000       0.00000000    
  -1.93993187       0.00000000       0.00000000       0.00000000       0.00000000    
  -1.73993206       0.00000000       0.00000000       0.00000000       0.00000000    
  -1.53993225       0.00000000       0.00000000       0.00000000       0.00000000    
  -1.33993149       0.00000000       0.00000000       0.00000000       0.00000000    
  -1.13993263       0.00000000       0.00000000       0.00000000       0.00000000    
 -0.939931870       0.00000000       0.00000000       0.00000000       0.00000000    
 -0.739931107       0.00000000       0.00000000       0.00000000       0.00000000    
 -0.539932251       0.00000000       0.00000000       0.00000000       0.00000000    
 -0.339931488       0.00000000       0.00000000       0.00000000       0.00000000    
 -0.139932632       0.00000000       0.00000000       0.00000000       0.00000000    
   6.00681305E-02   0.00000000       0.00000000       0.00000000       0.00000000    
  0.260068893       0.00000000       0.00000000       0.00000000       0.00000000    
  0.460067749       0.00000000       0.00000000       0.00000000       0.00000000    
  0.660068512       0.00000000       0.00000000       0.00000000       0.00000000    
  0.860067368       0.00000000       0.00000000       0.00000000       0.00000000    
   1.06006813       0.00000000       0.00000000       0.00000000       0.00000000    
   1.26006889       0.00000000       0.00000000       0.00000000       0.00000000    
   1.46006775       0.00000000       0.00000000       0.00000000       0.00000000    
   1.66006851       0.00000000       0.00000000       0.00000000       0.00000000    
   1.86006737       0.00000000       0.00000000       0.00000000       0.00000000    
   2.06006813       0.00000000       0.00000000       0.00000000       0.00000000    
   2.26006889       0.00000000       0.00000000       0.00000000       0.00000000    
   2.46006775       0.00000000       0.00000000       0.00000000       0.00000000    
   2.66006851       0.00000000       0.00000000       0.00000000       0.00000000    
   2.86006737       0.00000000       0.00000000       0.00000000       0.00000000    
   3.06006813       0.00000000       0.00000000       0.00000000       0.00000000    
   3.26006889       0.00000000       0.00000000       0.00000000       0.00000000    
   3.46006775       0.00000000       0.00000000       0.00000000       0.00000000    
   3.66006851       0.00000000       0.00000000       0.00000000       0.00000000    
   3.86006737       0.00000000       0.00000000       0.00000000       0.00000000    
   4.06006813       0.00000000       0.00000000       0.00000000       0.00000000    
   4.26006889       0.00000000       0.00000000       0.00000000       0.00000000    
   4.46006775       0.00000000       0.00000000       0.00000000       0.00000000    
   4.66006851       0.00000000       0.00000000       0.00000000       0.00000000    
   4.86006737       0.00000000       0.00000000       0.00000000       0.00000000    
   5.06006813       0.00000000       0.00000000       0.00000000       0.00000000    
   5.26006889       0.00000000       0.00000000       0.00000000       0.00000000    
   5.46006775       0.00000000       0.00000000       0.00000000       0.00000000    
   5.66006851       0.00000000       0.00000000       0.00000000       0.00000000    
   5.86006737       0.00000000       0.00000000       0.00000000       0.00000000    
   6.06006813       0.00000000       0.00000000       0.00000000       0.00000000    
   6.26006889       0.00000000       0.00000000       0.00000000       0.00000000    
   6.46006775       0.00000000       0.00000000       0.00000000       0.00000000    
   6.66006851       0.00000000       0.00000000       0.00000000       0.00000000    
   6.86006737       0.00000000       0.00000000       0.00000000       0.00000000    
   7.06006813       0.00000000       0.00000000       0.00000000       0.00000000    
   7.26006889       0.00000000       0.00000000       0.00000000       0.00000000    
   7.46006775       0.00000000       0.00000000       0.00000000       0.00000000    
   7.66006851       0.00000000       0.00000000       0.00000000       0.00000000    
   7.86006737       0.00000000       0.00000000       0.00000000       0.00000000    
   8.06006813       0.00000000       0.00000000       0.00000000       0.00000000    
   8.26006889       0.00000000       0.00000000       0.00000000       0.00000000    
   8.46006775       0.00000000       0.00000000       0.00000000       0.00000000    
   8.66006851       0.00000000       0.00000000       0.00000000       0.00000000    
   8.86006737       0.00000000       0.00000000       0.00000000       0.00000000    
   9.06006813       0.00000000       0.00000000       0.00000000       0.00000000    
   9.26006889       0.00000000       0.00000000       0.00000000       0.00000000    
   9.46006775       0.00000000       0.00000000       0.00000000       0.00000000    
   9.66006851       0.00000000       0.00000000       0.00000000       0.00000000    
   9.86006737       0.00000000       0.00000000       0.00000000       0.00000000    
   10.0600681       0.00000000       0.00000000       0.00000000       0.00000000    
   10.2600689       0.00000000       0.00000000       0.00000000       0.00000000    
   10.4600677       0.00000000       0.00000000       0.00000000       0.00000000    
   10.6600685       0.00000000       0.00000000       0.00000000       0.00000000    
   10.8600674       0.00000000       0.00000000       0.00000000       0.00000000    
   11.0600681       0.00000000       0.00000000       0.00000000       0.00000000    
   11.2600689       0.00000000       0.00000000       0.00000000       0.00000000    
   11.4600677       0.00000000       0.00000000       0.00000000       0.00000000    
   11.6600685       0.00000000       0.00000000       0.00000000       0.00000000    
   11.8600674       0.00000000       0.00000000       0.00000000       0.00000000    
   12.0600681       0.00000000       0.00000000       0.00000000       0.00000000    
   12.2600689       0.00000000       0.00000000       0.00000000       0.00000000    
   12.4600677       0.00000000       0.00000000       0.00000000       0.00000000    
   12.6600685       0.00000000       0.00000000       0.00000000       0.00000000    
   12.8600674       0.00000000       0.00000000       0.00000000       0.00000000    
   13.0600681       0.00000000       0.00000000       0.00000000       0.00000000    
   13.2600689       0.00000000       0.00000000       0.00000000       0.00000000    
   13.4600677       0.00000000       0.00000000       0.00000000       0.00000000    
   13.6600685       0.00000000       0.00000000       0.00000000       0.00000000    
   13.8600674       0.00000000       0.00000000       0.00000000       0.00000000    
   14.0600681       0.00000000       0.00000000       0.00000000       0.00000000    
   14.2600689       0.00000000       0.00000000       0.00000000       0.00000000    
   14.4600677       0.00000000       0.00000000       0.00000000       0.00000000    
   14.6600685       0.00000000       0.00000000       0.00000000       0.00000000    
   14.8600693       0.00000000       0.00000000       0.00000000       0.00000000    
   15.0600700       0.00000000       0.00000000       0.00000000       0.00000000    
   15.2600670       0.00000000       0.00000000       0.00000000       0.00000000    
   15.4600677       0.00000000       0.00000000       0.00000000       0.00000000    
   15.6600685       0.00000000       0.00000000       0.00000000       0.00000000    
   15.8600693       0.00000000       0.00000000       0.00000000       0.00000000    
   16.0600700       0.00000000       0.00000000       0.00000000       0.00000000    
   16.2600670       0.00000000       0.00000000       0.00000000       0.00000000    
   16.4600677       0.00000000       0.00000000       0.00000000       0.00000000    
   16.6600685       0.00000000       0.00000000       0.00000000       0.00000000    
   16.8600693       0.00000000       0.00000000       0.00000000       0.00000000    
   17.0600700       0.00000000       0.00000000       0.00000000       0.00000000    
   17.2600670       0.00000000       0.00000000       0.00000000       0.00000000    
   17.4600677       0.00000000       0.00000000       0.00000000       0.00000000    
   17.6600685       0.00000000       0.00000000       0.00000000       0.00000000    
   17.8600693       0.00000000       0.00000000       0.00000000       0.00000000    
   18.0600700       0.00000000       0.00000000       0.00000000       0.00000000    
   18.2600670       0.00000000       0.00000000       0.00000000       0.00000000    
   18.4600677       0.00000000       0.00000000       0.00000000       0.00000000    
   18.6600685       0.00000000       0.00000000       0.00000000       0.00000000    
   18.8600693       0.00000000       0.00000000       0.00000000       0.00000000    
   19.0600700       0.00000000       0.00000000       0.00000000       0.00000000    
   19.2600670       0.00000000       0.00000000       0.00000000       0.00000000    
   19.4600677       0.00000000       0.00000000       0.00000000       0.00000000    
   19.6600685       0.00000000       0.00000000       0.00000000       0.00000000    
   19.8600693       0.00000000       0.00000000       0.00000000       0.00000000    
   20.0600700       0.00000000       0.00000000       0.00000000       0.00000000    
   20.2600670       0.00000000       0.00000000       0.00000000       0.00000000    
   20.4600677       0.00000000       0.00000000       0.00000000       0.00000000    
   20.6600685       0.00000000       0.00000000       0.00000000       0.00000000    
   20.8600693       0.00000000       0.00000000       0.00000000       0.00000000    
   21.0600700       0.00000000       0.00000000       0.00000000       0.00000000    
   21.2600670       0.00000000       0.00000000       0.00000000       0.00000000    
   21.4600677       0.00000000       0.00000000       0.00000000       0.00000000    
   21.6600685       0.00000000       0.00000000       0.00000000       0.00000000    
   21.8600693       0.00000000       0.00000000       0.00000000       0.00000000    
   22.0600700       0.00000000       0.00000000       0.00000000       0.00000000    
   22.2600670       0.00000000       0.00000000       0.00000000       0.00000000    
   22.4600677       0.00000000       0.00000000       0.00000000       0.00000000    
   22.6600685       0.00000000       0.00000000       0.00000000       0.00000000    
   22.8600693       0.00000000       0.00000000       0.00000000       0.00000000    
   23.0600700       0.00000000       0.00000000       0.00000000       0.00000000    
   23.2600670       0.00000000       0.00000000       0.00000000       0.00000000    
   23.4600677       0.00000000       0.00000000       0.00000000       0.00000000    
   23.6600685       0.00000000       0.00000000       0.00000000       0.00000000    
   23.8600693       0.00000000       0.00000000       0.00000000       0.00000000    
   24.0600700       0.00000000       0.00000000       0.00000000       0.00000000    
   24.2600670       0.00000000       0.00000000       0.00000000       0.00000000    
   24.4600677       0.00000000       0.00000000       0.00000000       0.00000000    
   24.6600685       0.00000000       0.00000000       0.00000000       0.00000000    
   24.8600693       0.00000000       0.00000000       0.00000000       0.00000000    
   25.0600700       0.00000000       0.00000000       0.00000000       0.00000000    
   25.2600670       0.00000000       0.00000000       0.00000000       0.00000000    
   25.4600677       0.00000000       0.00000000       0.00000000       0.00000000    
   25.6600685       0.00000000       0.00000000       0.00000000       0.00000000    
   25.8600693       0.00000000       0.00000000       0.00000000       0.00000000    
   26.0600700       0.00000000       0.00000000       0.00000000       0.00000000    
   26.2600670       0.00000000       0.00000000       0.00000000       0.00000000    
   26.4600677       0.00000000       0.00000000       0.00000000       0.00000000    
   26.6600685       0.00000000       0.00000000       0.00000000       0.00000000    
   26.8600693       0.00000000       0.00000000       0.00000000       0.00000000    
   27.0600700       0.00000000       0.00000000       0.00000000       0.00000000    
   27.2600670       0.00000000       0.00000000       0.00000000       0.00000000    
   27.4600677       0.00000000       0.00000000       0.00000000       0.00000000    
   27.6600685       0.00000000       0.00000000       0.00000000       0.00000000    
   27.8600693       0.00000000       0.00000000       0.00000000       0.00000000    
   28.0600700       0.00000000       0.00000000       0.00000000       0.00000000    
   28.2600670       0.00000000       0.00000000       0.00000000       0.00000000    
   28.4600677       0.00000000       0.00000000       0.00000000       0.00000000    
   28.6600685       0.00000000       0.00000000       0.00000000       0.00000000    
   28.8600693       0.00000000       0.00000000       0.00000000       0.00000000    
   29.0600700       0.00000000       0.00000000       0.00000000       0.00000000    
   29.2600670       0.00000000       0.00000000       0.00000000       0.00000000    
   29.4600677       0.00000000       0.00000000       0.00000000       0.00000000    
   29.6600685       0.00000000       0.00000000       0.00000000       0.00000000    
   29.8600693       0.00000000       0.00000000       0.00000000       0.00000000    
   30.0600700       0.00000000       0.00000000       0.00000000       0.00000000    
   30.2600670       0.00000000       0.00000000       0.00000000       0.00000000    
   30.4600677       0.00000000       0.00000000       0.00000000       0.00000000    
   30.6600685       0.00000000       0.00000000       0.00000000       0.00000000    
   30.8600693       0.00000000       0.00000000       0.00000000       0.00000000    
   31.0600700       0.00000000       0.00000000       0.00000000       0.00000000    
   31.2600670       0.00000000       0.00000000       0.00000000       0.00000000    
   31.4600677       0.00000000       0.00000000       0.00000000       0.00000000    
   31.6600685       0.00000000       0.00000000       0.00000000       0.00000000    
   31.8600693       0.00000000       0.00000000       0.00000000       0.00000000    
   32.0600700       0.00000000       0.00000000       0.00000000       0.00000000    
   32.2600670       0.00000000       0.00000000       0.00000000       0.00000000    
   32.4600677       0.00000000       0.00000000       0.00000000       0.00000000    
   32.6600685       0.00000000       0.00000000       0.00000000       0.00000000    
   32.8600693       0.00000000       0.00000000       0.00000000       0.00000000    
   33.0600700       0.00000000       0.00000000       0.00000000       0.00000000    
   33.2600670       0.00000000       0.00000000       0.00000000       0.00000000    
   33.4600677       0.00000000       0.00000000       0.00000000       0.00000000    
   33.6600685       0.00000000       0.00000000       0.00000000       0.00000000    
   33.8600693       0.00000000       0.00000000       0.00000000       0.00000000    
   34.0600700       0.00000000       0.00000000       0.00000000       0.00000000    
   34.2600670       0.00000000       0.00000000       0.00000000       0.00000000    
   34.4600677       0.00000000       0.00000000       0.00000000       0.00000000    
   34.6600685       0.00000000       0.00000000       0.00000000       0.00000000    
   34.8600693       0.00000000       0.00000000       0.00000000       0.00000000    
   35.0600700       0.00000000       0.00000000       0.00000000       0.00000000    
   35.2600670       0.00000000       0.00000000       0.00000000       0.00000000    
   35.4600677       0.00000000       0.00000000       0.00000000       0.00000000    
   35.6600685       0.00000000       0.00000000       0.00000000       0.00000000    
   35.8600693       0.00000000       0.00000000       0.00000000       0.00000000    
   36.0600700       0.00000000       0.00000000       0.00000000       0.00000000    
   36.2600670       0.00000000       0.00000000       0.00000000       0.00000000    
   36.4600677       0.00000000       0.00000000       0.00000000       0.00000000    
   36.6600685       0.00000000       0.00000000       0.00000000       0.00000000    
   36.8600693       0.00000000       0.00000000       0.00000000       0.00000000    
   37.0600700       0.00000000       0.00000000       0.00000000       0.00000000    
   37.2600670       0.00000000       0.00000000       0.00000000       0.00000000    
   37.4600677       0.00000000       0.00000000       0.00000000       0.00000000    
   37.6600685       0.00000000       0.00000000       0.00000000       0.00000000    
   37.8600693       0.00000000       0.00000000       0.00000000       0.00000000    
   38.0600700       0.00000000       0.00000000       0.00000000       0.00000000    
   38.2600670       0.00000000       0.00000000       0.00000000       0.00000000    
   38.4600677       0.00000000       0.00000000       0.00000000       0.00000000    
   38.6600685       0.00000000       0.00000000       0.00000000       0.00000000    
   38.8600693       0.00000000       0.00000000       0.00000000       0.00000000    
   39.0600700       0.00000000       0.00000000       0.00000000       0.00000000    
   39.2600670       0.00000000       0.00000000       0.00000000       0.00000000    
   39.4600677       0.00000000       0.00000000       0.00000000       0.00000000    
   39.6600685       0.00000000       0.00000000       0.00000000       0.00000000    
   39.8600693       0.00000000       0.00000000       0.00000000       0.00000000    
   40.0600700       0.00000000       0.00000000       0.00000000       0.00000000    
   40.2600670       0.00000000       0.00000000       0.00000000       0.00000000    
   40.4600677       0.00000000       0.00000000       0.00000000       0.00000000    
   40.6600685       0.00000000       0.00000000       0.00000000       0.00000000    
   40.8600693       0.00000000       0.00000000       0.00000000       0.00000000    
   41.0600700       0.00000000       0.00000000       0.00000000       0.00000000    
   41.2600670       0.00000000       0.00000000       0.00000000       0.00000000    
   41.4600677       0.00000000       0.00000000       0.00000000       0.00000000    
   41.6600685       0.00000000       0.00000000       0.00000000       0.00000000    
   41.8600693       0.00000000       0.00000000       0.00000000       0.00000000    
   42.0600700       0.00000000       0.00000000       0.00000000       0.00000000    
   42.2600670       0.00000000       0.00000000       0.00000000       0.00000000    
   42.4600677       0.00000000       0.00000000       0.00000000       0.00000000    
   42.6600685       0.00000000       0.00000000       0.00000000       0.00000000    
   42.8600693       0.00000000       0.00000000       0.00000000       0.00000000    
   43.0600700       0.00000000       0.00000000       0.00000000       0.00000000    
   43.2600670       0.00000000       0.00000000       0.00000000       0.00000000    
   43.4600677       0.00000000       0.00000000       0.00000000       0.00000000    
   43.6600685       0.00000000       0.00000000       0.00000000       0.00000000    
   43.8600693       0.00000000       0.00000000       0.00000000       0.00000000    
   44.0600700       0.00000000       0.00000000       0.00000000       0.00000000    
   44.2600670       0.00000000       0.00000000       0.00000000       0.00000000    
   44.4600677       0.00000000       0.00000000       0.00000000       0.00000000    
   44.6600685       0.00000000       0.00000000       0.00000000       0.00000000    
   44.8600693       0.00000000       0.00000000       0.00000000       0.00000000    
   45.0600700       0.00000000       0.00000000       0.00000000       0.00000000    
   45.2600670       0.00000000       0.00000000       0.00000000       0.00000000    
   45.4600677       0.00000000       0.00000000       0.00000000       0.00000000    
   45.6600685       0.00000000       0.00000000       0.00000000       0.00000000    
   45.8600693       0.00000000       0.00000000       0.00000000       0.00000000    
   46.0600700       0.00000000       0.00000000       0.00000000       0.00000000    
   46.2600670       0.00000000       0.00000000       0.00000000       0.00000000    
   46.4600677       0.00000000       0.00000000       0.00000000       0.00000000    
   46.6600723       0.00000000       0.00000000       0.00000000       0.00000000    
   46.8600693       0.00000000       0.00000000       0.00000000       0.00000000    
   47.0600662       0.00000000       0.00000000       0.00000000       0.00000000    
   47.2600708       0.00000000       0.00000000       0.00000000       0.00000000    
   47.4600677       0.00000000       0.00000000       0.00000000       0.00000000    
   47.6600723       0.00000000       0.00000000       0.00000000       0.00000000    
   47.8600693       0.00000000       0.00000000       0.00000000       0.00000000    
   48.0600662       0.00000000       0.00000000       0.00000000       0.00000000    
   48.2600708       0.00000000       0.00000000       0.00000000       0.00000000    
   48.4600677       0.00000000       0.00000000       0.00000000       0.00000000    
   48.6600723       0.00000000       0.00000000       0.00000000       0.00000000    
   48.8600693       0.00000000       0.00000000       0.00000000       0.00000000    
   49.0600662       0.00000000       0.00000000       0.00000000       0.00000000    
   49.2600708       0.00000000       0.00000000       0.00000000       0.00000000    
   49.4600677       0.00000000       0.00000000       0.00000000       0.00000000    
   49.6600723       0.00000000       0.00000000       0.00000000       0.00000000    
   49.8600693       0.00000000       0.00000000       0.00000000       0.00000000    
   50.0600662       0.00000000       0.00000000       0.00000000       0.00000000    
   50.2600708       0.00000000       0.00000000       0.00000000       0.00000000    
   50.4600677       0.00000000       0.00000000       0.00000000       0.00000000    
   50.6600723       0.00000000       0.00000000       0.00000000       0.00000000    
   50.8600693       0.00000000       0.00000000       0.00000000       0.00000000    
   51.0600662       0.00000000       0.00000000       0.00000000       0.00000000    
   51.2600708       0.00000000       0.00000000       0.00000000       0.00000000    
   51.4600677       0.00000000       0.00000000       0.00000000       0.00000000    
   51.6600723       0.00000000       0.00000000       0.00000000       0.00000000    
   51.8600693       0.00000000       0.00000000       0.00000000       0.00000000    
   52.0600662       0.00000000       0.00000000       0.00000000       0.00000000    
   52.2600708       0.00000000       0.00000000       0.00000000       0.00000000    
   52.4600677       0.00000000       0.00000000       0.00000000       0.00000000    
   52.6600723       0.00000000       0.00000000       0.00000000       0.00000000    
   52.8600693       0.00000000       0.00000000       0.00000000       0.00000000    
   53.0600662       0.00000000       0.00000000       0.00000000       0.00000000    
   53.2600708       0.00000000       0.00000000       0.00000000       0.00000000    
   53.4600677       0.00000000       0.00000000       0.00000000       0.00000000    
   53.6600723       0.00000000       0.00000000       0.00000000       0.00000000    
   53.8600693       0.00000000       0.00000000       0.00000000       0.00000000    
   54.0600662       0.00000000       0.00000000       0.00000000       0.00000000    
   54.2600708       0.00000000       0.00000000       0.00000000       0.00000000    
   54.4600677       0.00000000       0.00000000       0.00000000       0.00000000    
   54.6600723       0.00000000       0.00000000       0.00000000       0.00000000    
   54.8600693       0.00000000       0.00000000       0.00000000       0.00000000    
   55.0600662       0.00000000       0.00000000       0.00000000       0.00000000    
   55.2600708       0.00000000       0.00000000       0.00000000       0.00000000    
   55.4600677       0.00000000       0.00000000       0.00000000       0.00000000    
   55.6600723       0.00000000       0.00000000       0.00000000       0.00000000    
   55.8600693       0.00000000       0.00000000       0.00000000       0.00000000    
   56.0600662       0.00000000       0.00000000       0.00000000       0.00000000    
   56.2600708       0.00000000       0.00000000       0.00000000       0.00000000    
   56.4600677       0.00000000       0.00000000       0.00000000       0.00000000    
   56.6600723       0.00000000       0.00000000       0.00000000       0.00000000    
   56.8600693       0.00000000       0.00000000       0.00000000       0.00000000    
   57.0600662       0.00000000       0.00000000       0.00000000       0.00000000    
   57.2600708       0.00000000       0.00000000       0.00000000       0.00000000    
   57.4600677       0.00000000       0.00000000       0.00000000       0.00000000    
   57.6600723       0.00000000       0.00000000       0.00000000       0.00000000    
   57.8600693       0.00000000       0.00000000       0.00000000       0.00000000    
   58.0600662       0.00000000       0.00000000       0.00000000       0.00000000    
   58.2600708       0.00000000       0.00000000       0.00000000       0.00000000    
   58.4600677       0.00000000       0.00000000       0.00000000       0.00000000    
   58.6600723       0.00000000       0.00000000       0.00000000       0.00000000    
   58.8600693       0.00000000       0.00000000       0.00000000       0.00000000    
   59.0600662       0.00000000       0.00000000       0.00000000       0.00000000    
   59.2600708       0.00000000       0.00000000       0.00000000       0.00000000    
   59.4600677       0.00000000       0.00000000       0.00000000       0.00000000    
   59.6600723       0.00000000       0.00000000       0.00000000       0.00000000    
   59.8600693       0.00000000       0.00000000       0.00000000       0.00000000    
   60.0600662       0.00000000       0.00000000       0.00000000       0.00000000    
   60.2600708       0.00000000       0.00000000       0.00000000       0.00000000    
   60.4600677       0.00000000       0.00000000       0.00000000       0.00000000    
   60.6600723       0.00000000       0.00000000       0.00000000       0.00000000    
   60.8600693       0.00000000       0.00000000       0.00000000       0.00000000    
   61.0600662       0.00000000       0.00000000       0.00000000       0.00000000    
   61.2600708       0.00000000       0.00000000       0.00000000       0.00000000    
   61.4600677       0.00000000       0.00000000       0.00000000       0.00000000    
   61.6600723       0.00000000       0.00000000       0.00000000       0.00000000    
   61.8600693       0.00000000       0.00000000       0.00000000       0.00000000    
   62.0600662       0.00000000       0.00000000       0.00000000       0.00000000    
   62.2600708       0.00000000       0.00000000       0.00000000       0.00000000    
   62.4600677       0.00000000       0.00000000       0.00000000       0.00000000    
   62.6600723       0.00000000       0.00000000       0.00000000       0.00000000    
   62.8600693       0.00000000       0.00000000       0.00000000       0.00000000    
   63.0600662       0.00000000       0.00000000       0.00000000       0.00000000    
   63.2600708       0.00000000       0.00000000       0.00000000       0.00000000    
   63.4600677       0.00000000       0.00000000       0.00000000       0.00000000    
   63.6600723       0.00000000       0.00000000       0.00000000       0.00000000    
   63.8600693       0.00000000       0.00000000       0.00000000       0.00000000    
   64.0600662       0.00000000       0.00000000       0.00000000       0.00000000    
   64.2600708       0.00000000       0.00000000       0.00000000       0.00000000    
   64.4600677       0.00000000       0.00000000       0.00000000       0.00000000    
   64.6600723       0.00000000       0.00000000       0.00000000       0.00000000    
   64.8600693       0.00000000       0.00000000       0.00000000       0.00000000    
   65.0600662       0.00000000       0.00000000       0.00000000       0.00000000    
   65.2600708       0.00000000       0.00000000       0.00000000       0.00000000    
   65.4600677       0.00000000       0.00000000       0.00000000       0.00000000    
   65.6600723       0.00000000       0.00000000       0.00000000       0.00000000    
   65.8600693       0.00000000       0.00000000       0.00000000       0.00000000    
   66.0600662       0.00000000       0.00000000       0.00000000       0.00000000    
   66.2600708       0.00000000       0.00000000       0.00000000       0.00000000    
   66.4600677       0.00000000       0.00000000       0.00000000       0.00000000    
   66.6600723       0.00000000       0.00000000       0.00000000       0.00000000    
   66.8600693       0.00000000       0.00000000       0.00000000       0.00000000    
   67.0600662       0.00000000       0.00000000       0.00000000       0.00000000    
   67.2600708       0.00000000       0.00000000       0.00000000       0.00000000    
   67.4600677       0.00000000       0.00000000       0.00000000       0.00000000    
   67.6600723       0.00000000       0.00000000       0.00000000       0.00000000    
   67.8600693       0.00000000       0.00000000       0.00000000       0.00000000    
   68.0600662       0.00000000       0.00000000       0.00000000       0.00000000    
   68.2600708       0.00000000       0.00000000       0.00000000       0.00000000    
   68.4600677       0.00000000       0.00000000       0.00000000       0.00000000    
   68.6600723       0.00000000       0.00000000       0.00000000       0.00000000    
   68.8600693       0.00000000       0.00000000       0.00000000       0.00000000    
   69.0600662       0.00000000       0.00000000       0.00000000       0.00000000    
   69.2600708       0.00000000       0.00000000       0.00000000       0.00000000    
   69.4600677       0.00000000       0.00000000       0.00000000       0.00000000    
   69.6600723       0.00000000       0.00000000       0.00000000       0.00000000    
   69.8600693       0.00000000       0.00000000       0.00000000       0.00000000    
   70.0600662       0.00000000       0.00000000       0.00000000       0.00000000    
   70.2600708       0.00000000       0.00000000       0.00000000       0.00000000    
   70.4600677       0.00000000       0.00000000       0.00000000       0.00000000    
   70.6600723       0.00000000       0.00000000       0.00000000       0.00000000    
   70.8600693       0.00000000       0.00000000       0.00000000       0.00000000    
   71.0600662       0.00000000       0.00000000       0.00000000       0.00000000    
   71.2600708       0.00000000       0.00000000       0.00000000       0.00000000    
   71.4600677       0.00000000       0.00000000       0.00000000       0.00000000    
   71.6600723       0.00000000       0.00000000       0.00000000       0.00000000    
   71.8600693       0.00000000       0.00000000       0.00000000       0.00000000    
   72.0600662       0.00000000       0.00000000       0.00000000       0.00000000    
   72.2600708       0.00000000       0.00000000       0.00000000       0.00000000    
   72.4600677       0.00000000       0.00000000       0.00000000       0.00000000    
   72.6600723       0.00000000       0.00000000       0.00000000       0.00000000    
   72.8600693       0.00000000       0.00000000       0.00000000       0.00000000    
   73.0600662       0.00000000       0.00000000       0.00000000       0.00000000    
   73.2600708       0.00000000       0.00000000       0.00000000       0.00000000    
   73.4600677       0.00000000       0.00000000       0.00000000       0.00000000    
   73.6600723       0.00000000       0.00000000       0.00000000       0.00000000    
   73.8600693       0.00000000       0.00000000       0.00000000       0.00000000    
   74.0600662       0.00000000       0.00000000       0.00000000       0.00000000    
   74.2600708       0.00000000       0.00000000       0.00000000       0.00000000    
   74.4600677       0.00000000       0.00000000       0.00000000       0.00000000    
   74.6600723       0.00000000       0.00000000       0.00000000       0.00000000    
   74.8600693       0.00000000       0.00000000       0.00000000       0.00000000    
   75.0600662       0.00000000       0.00000000       0.00000000       0.00000000    
   75.2600708       0.00000000       0.00000000       0.00000000       0.00000000    
   75.4600677       0.00000000       0.00000000       0.00000000       0.00000000    
   75.6600723       0.00000000       0.00000000       0.00000000       0.00000000    
   75.8600693       0.00000000       0.00000000       0.00000000       0.00000000    
   76.0600662       0.00000000       0.00000000       0.00000000       0.00000000    
   76.2600708       0.00000000       0.00000000       0.00000000       0.00000000    
   76.4600677       0.00000000       0.00000000       0.00000000       0.00000000    
   76.6600723       0.00000000       0.00000000       0.00000000       0.00000000    
   76.8600693       0.00000000       0.00000000       0.00000000       0.00000000    
   77.0600662       0.00000000       0.00000000       0.00000000       0.00000000    
   77.2600708       0.00000000       0.00000000       0.00000000       0.00000000    
   77.4600677       0.00000000       0.00000000       0.00000000       0.00000000    
   77.6600723       0.00000000       0.00000000       0.00000000       0.00000000    
   77.8600693       0.00000000       0.00000000       0.00000000       0.00000000    
   78.0600662       0.00000000       0.00000000       0.00000000       0.00000000    
   78.2600708       0.00000000       0.00000000       0.00000000       0.00000000    
   78.4600677       0.00000000       0.00000000       0.00000000       0.00000000    
   78.6600723       0.00000000       0.00000000       0.00000000       0.00000000    
   78.8600693       0.00000000       0.00000000       0.00000000       0.00000000    
   79.0600662       0.00000000       0.00000000       0.00000000       0.00000000    
   79.2600708       0.00000000       0.00000000       0.00000000       0.00000000    
   79.4600677       0.00000000       0.00000000       0.00000000       0.00000000    
   79.6600723       0.00000000       0.00000000       0.00000000       0.00000000    
   79.8600693       0.00000000       0.00000000       0.00000000       0.00000000    
   80.0600662       0.00000000       0.00000000       0.00000000       0.00000000    
   80.2600708       0.00000000       0.00000000       0.00000000       0.00000000    
   80.4600677       0.00000000       0.00000000       0.00000000       0.00000000    
   80.6600723       0.00000000       0.00000000       0.00000000       0.00000000    
   80.8600693       0.00000000       0.00000000       0.00000000       0.00000000    
   81.0600662       0.00000000       0.00000000       0.00000000       0.00000000    
   81.2600708       0.00000000       0.00000000       0.00000000       0.00000000    
   81.4600677       0.00000000       0.00000000       0.00000000       0.00000000    
   81.6600723       0.00000000       0.00000000       0.00000000       0.00000000    
   81.8600693       0.00000000       0.00000000       0.00000000       0.00000000    
   82.0600662       0.00000000       0.00000000       0.00000000       0.00000000    
   82.2600708       0.00000000       0.00000000       0.00000000       0.00000000    
   82.4600677       0.00000000       0.00000000       0.00000000       0.00000000    
   82.6600723       0.00000000       0.00000000       0.00000000       0.00000000    
   82.8600693       0.00000000       0.00000000       0.00000000       0.00000000    
   83.0600662       0.00000000       0.00000000       0.00000000       0.00000000    
   83.2600708       0.00000000       0.00000000       0.00000000       0.00000000    
   83.4600677       0.00000000       0.00000000       0.00000000       0.00000000    
   83.6600723       0.00000000       0.00000000       0.00000000       0.00000000    
   83.8600693       0.00000000       0.00000000       0.00000000       0.00000000    
   84.0600662       0.00000000       0.00000000       0.00000000       0.00000000    
   84.2600708       0.00000000       0.00000000       0.00000000       0.00000000    
   84.4600677       0.00000000       0.00000000       0.00000000       0.00000000    
   84.6600723       0.00000000       0.00000000       0.00000000       0.00000000    
   84.8600693       0.00000000       0.00000000       0.00000000       0.00000000    
   85.0600662       0.00000000       0.00000000       0.00000000       0.00000000    
   85.2600708       0.00000000       0.00000000       0.00000000       0.00000000    
   85.4600677       0.00000000       0.00000000       0.00000000       0.00000000    
   85.6600723       0.00000000       0.00000000       0.00000000       0.00000000    
   85.8600693       0.00000000       0.00000000       0.00000000       0.00000000    
   86.0600662       0.00000000       0.00000000       0.00000000       0.00000000    
   86.2600708       0.00000000       0.00000000       0.00000000       0.00000000    
   86.4600677       0.00000000       0.00000000       0.00000000       0.00000000    
   86.6600723       0.00000000       0.00000000       0.00000000       0.00000000    
   86.8600693       0.00000000       0.00000000       0.00000000       0.00000000    
   87.0600662       0.00000000       0.00000000       0.00000000       0.00000000    
   87.2600708       0.00000000       0.00000000       0.00000000       0.00000000    
   87.4600677       0.00000000       0.00000000       0.00000000       0.00000000    
   87.6600723       0.00000000       0.00000000       0.00000000       0.00000000    
   87.8600693       0.00000000       0.00000000       0.00000000       0.00000000    
   88.0600662       0.00000000       0.00000000       0.00000000       0.00000000    
   88.2600708       0.00000000       0.00000000       0.00000000       0.00000000    
   88.4600677       0.00000000       0.00000000       0.00000000       0.00000000    
   88.6600723       0.00000000       0.00000000       0.00000000       0.00000000    
   88.8600693       0.00000000       0.00000000       0.00000000       0.00000000    
   89.0600662       0.00000000       0.00000000       0.00000000       0.00000000    
   89.2600708       0.00000000       0.00000000       0.00000000       0.00000000    
   89.4600677       0.00000000       0.00000000       0.00000000       0.00000000    
   89.6600723       0.00000000       0.00000000       0.00000000       0.00000000    
   89.8600693       0.00000000       0.00000000       0.00000000       0.00000000    
   90.0600662       0.00000000       0.00000000       0.00000000       0.00000000    
   90.2600708       0.00000000       0.00000000       0.00000000       0.00000000    
   90.4600677       0.00000000       0.00000000       0.00000000       0.00000000    
   90.6600723       0.00000000       0.00000000       0.00000000       0.00000000    
   90.8600693       0.00000000       0.00000000       0.00000000       0.00000000    
   91.0600662       0.00000000       0.00000000       0.00000000       0.00000000    
   91.2600708       0.00000000       0.00000000       0.00000000       0.00000000    
   91.4600677       0.00000000       0.00000000       0.00000000       0.00000000    
   91.6600723       0.00000000       0.00000000       0.00000000       0.00000000    
   91.8600693       0.00000000       0.00000000       0.00000000       0.00000000    
   92.0600662       0.00000000       0.00000000       0.00000000       0.00000000    
   92.2600708       0.00000000       0.00000000       0.00000000       0.00000000    
   92.4600677       0.00000000       0.00000000       0.00000000       0.00000000    
   92.6600723       0.00000000       0.00000000       0.00000000       0.00000000    
   92.8600693       0.00000000       0.00000000       0.00000000       0.00000000    
   93.0600662       0.00000000       0.00000000       0.00000000       0.00000000    
   93.2600708       0.00000000       0.00000000       0.00000000       0.00000000    
   93.4600677       0.00000000       0.00000000       0.00000000       0.00000000    
   93.6600723       0.00000000       0.00000000       0.00000000       0.00000000    
   93.8600693       0.00000000       0.00000000       0.00000000       0.00000000    
   94.0600662       0.00000000       0.00000000       0.00000000       0.00000000    
   94.2600708       0.00000000       0.00000000       0.00000000       0.00000000    
   94.4600677       0.00000000       0.00000000       0.00000000       0.00000000    
   94.6600723       0.00000000       0.00000000       0.00000000       0.00000000    
   94.8600693       0.00000000       0.00000000       0.00000000       0.00000000    
   95.0600662       0.00000000       0.00000000       0.00000000       0.00000000    
   95.2600708       0.00000000       0.00000000       0.00000000       0.00000000    
   95.4600677       0.00000000       0.00000000       0.00000000       0.00000000    
   95.6600723       0.00000000       0.00000000       0.00000000       0.00000000    
   95.8600693       0.00000000       0.00000000       0.00000000       0.00000000    
   96.0600662       0.00000000       0.00000000       0.00000000       0.00000000    
   96.2600708       0.00000000       0.00000000       0.00000000       0.00000000    
   96.4600677       0.00000000       0.00000000       0.00000000       0.00000000    
   96.6600723       0.00000000       0.00000000       0.00000000       0.00000000    
   96.8600693       0.00000000       0.00000000       0.00000000       0.00000000    
   97.0600662       0.00000000       0.00000000       0.00000000       0.00000000    
   97.2600708       0.00000000       0.00000000       0.00000000       0.00000000    
   97.4600677       0.00000000       0.00000000       0.00000000       0.00000000    
   97.6600723       0.00000000       0.00000000       0.00000000       0.00000000    
   97.8600693       0.00000000       0.00000000       0.00000000       0.00000000    
   98.0600662       0.00000000       0.00000000       0.00000000       0.00000000    
   98.2600708       0.00000000       0.00000000       0.00000000       0.00000000    
   98.4600677       0.00000000       0.00000000       0.00000000       0.00000000    
   98.6600723       0.00000000       0.00000000       0.00000000       0.00000000    
   98.8600693       0.00000000       0.00000000       0.00000000       0.00000000    
   99.0600662       0.00000000       0.00000000       0.00000000       0.00000000    
   99.2600708       0.00000000       0.00000000       0.00000000       0.00000000    
   99.4600677       0.00000000       0.00000000       0.00000000       0.00000000    
   99.6600723       0.00000000       0.00000000       0.00000000       0.00000000    
   99.8600693       0.00000000       0.00000000       0.00000000       0.00000000    
   100.060066       0.00000000       0.00000000       0.00000000       0.00000000    
   100.260071       0.00000000       0.00000000       0.00000000       0.00000000    
   100.460068       0.00000000       0.00000000       0.00000000       0.00000000    
   100.660072       0.00000000       0.00000000       0.00000000       0.00000000    
   100.860069       0.00000000       0.00000000       0.00000000       0.00000000    
   101.060066       0.00000000       0.00000000       0.00000000       0.00000000    
   101.260071       0.00000000       0.00000000       0.00000000       0.00000000    
   101.460068       0.00000000       0.00000000       0.00000000       0.00000000    
   101.660072       0.00000000       0.00000000       0.00000000       0.00000000    
   101.860069       0.00000000       0.00000000       0.00000000       0.00000000    
   102.060066       0.00000000       0.00000000       0.00000000       0.00000000    
   102.260071       0.00000000       0.00000000       0.00000000       0.00000000    
   102.460068       0.00000000       0.00000000       0.00000000       0.00000000    
   102.660072       0.00000000       0.00000000       0.00000000       0.00000000    
   102.860069       0.00000000       0.00000000       0.00000000       0.00000000    
   103.060066       0.00000000       0.00000000       0.00000000       0.00000000    
   103.260071       0.00000000       0.00000000       0.00000000       0.00000000    
   103.460068       0.00000000       0.00000000       0.00000000       0.00000000    
   103.660072       0.00000000       0.00000000       0.00000000       0.00000000    
   103.860069       0.00000000       0.00000000       0.00000000       0.00000000    
   104.060066       0.00000000       0.00000000       0.00000000       0.00000000    
   104.260071       0.00000000       0.00000000       0.00000000       0.00000000    
   104.460068       0.00000000       0.00000000       0.00000000       0.00000000    
   104.660072       0.00000000       0.00000000       0.00000000       0.00000000    
   104.860069       0.00000000       0.00000000       0.00000000       0.00000000    
   105.060066       0.00000000       0.00000000       0.00000000       0.00000000    
   105.260071       0.00000000       0.00000000       0.00000000       0.00000000    
   105.460068       0.00000000       0.00000000       0.00000000       0.00000000    
   105.660072       0.00000000       0.00000000       0.00000000       0.00000000    
   105.860069       0.00000000       0.00000000       0.00000000       0.00000000    
   106.060066       0.00000000       0.00000000       0.00000000       0.00000000    
   106.260071       0.00000000       0.00000000       0.00000000       0.00000000    
   106.460068       0.00000000       0.00000000       0.00000000       0.00000000    
   106.660072       0.00000000       0.00000000       0.00000000       0.00000000    
   106.860069       0.00000000       0.00000000       0.00000000       0.00000000    
   107.060066       0.00000000       0.00000000       0.00000000       0.00000000    
   107.260071       0.00000000       0.00000000       0.00000000       0.00000000    
   107.460068       0.00000000       0.00000000       0.00000000       0.00000000    
   107.660072       0.00000000       0.00000000       0.00000000       0.00000000    
   107.860069       0.00000000       0.00000000       0.00000000       0.00000000    
   108.060066       0.00000000       0.00000000       0.00000000       0.00000000    
   108.260071       0.00000000       0.00000000       0.00000000       0.00000000    
   108.460068       0.00000000       0.00000000       0.00000000       0.00000000    
   108.660072       0.00000000       0.00000000       0.00000000       0.00000000    
   108.860069       0.00000000       0.00000000       0.00000000       0.00000000    
   109.060066       0.00000000       0.00000000       0.00000000       0.00000000    
   109.260071       0.00000000       0.00000000       0.00000000       0.00000000    
   109.460068       0.00000000       0.00000000       0.00000000       0.00000000    
   109.660072       0.00000000       0.00000000       0.00000000       0.00000000    
   109.860069       0.00000000       0.00000000       0.00000000       0.00000000    
   110.060066       0.00000000       0.00000000       0.00000000       0.00000000    
   110.260071       0.00000000       0.00000000       0.00000000       0.00000000    
   110.460068       0.00000000       0.00000000       0.00000000       0.00000000    
   110.660065       0.00000000       0.00000000       0.00000000       0.00000000    
   110.860077       0.00000000       0.00000000       0.00000000       0.00000000    
   111.060074       0.00000000       0.00000000       0.00000000       0.00000000    
   111.260071       0.00000000       0.00000000       0.00000000       0.00000000    
   111.460068       0.00000000       0.00000000       0.00000000       0.00000000    
   111.660065       0.00000000       0.00000000       0.00000000       0.00000000    
   111.860077       0.00000000       0.00000000       0.00000000       0.00000000    
   112.060074       0.00000000       0.00000000       0.00000000       0.00000000    
   112.260071       0.00000000       0.00000000       0.00000000       0.00000000    
   112.460068       0.00000000       0.00000000       0.00000000       0.00000000    
   112.660065       0.00000000       0.00000000       0.00000000       0.00000000    
   112.860077       0.00000000       0.00000000       0.00000000       0.00000000    
   113.060074       0.00000000       0.00000000       0.00000000       0.00000000    
   113.260071       0.00000000       0.00000000       0.00000000       0.00000000    
   113.460068       0.00000000       0.00000000       0.00000000       0.00000000    
   113.660065       0.00000000       0.00000000       0.00000000       0.00000000    
   113.860077       0.00000000       0.00000000       0.00000000       0.00000000    
   114.060074       0.00000000       0.00000000       0.00000000       0.00000000    
   114.260071       0.00000000       0.00000000       0.00000000       0.00000000    
   114.460068       0.00000000       0.00000000       0.00000000       0.00000000    
   114.660065       0.00000000       0.00000000       0.00000000       0.00000000    
   114.860077       0.00000000       0.00000000       0.00000000       0.00000000    
   115.060074       0.00000000       0.00000000       0.00000000       0.00000000    
   115.260071       0.00000000       0.00000000       0.00000000       0.00000000    
   115.460068       0.00000000       0.00000000       0.00000000       0.00000000    
   115.660065       0.00000000       0.00000000       0.00000000       0.00000000    
   115.860077       0.00000000       0.00000000       0.00000000       0.00000000    
   116.060074       0.00000000       0.00000000       0.00000000       0.00000000    
   116.260071       0.00000000       0.00000000       0.00000000       0.00000000    
   116.460068       0.00000000       0.00000000       0.00000000       0.00000000    
   116.660065       0.00000000       0.00000000       0.00000000       0.00000000    
   116.860077       0.00000000       0.00000000       0.00000000       0.00000000    
   117.060074       0.00000000       0.00000000       0.00000000       0.00000000    
   117.260071       0.00000000       0.00000000       0.00000000       0.00000000    
   117.460068       0.00000000       0.00000000       0.00000000       0.00000000    
   117.660065       0.00000000       0.00000000       0.00000000       0.00000000    
   117.860077       0.00000000       0.00000000       0.00000000       0.00000000    
   118.060074       0.00000000       0.00000000       0.00000000       0.00000000    
   118.260071       0.00000000       0.00000000       0.00000000       0.00000000    
   118.460068       0.00000000       0.00000000       0.00000000       0.00000000    
   118.660065       0.00000000       0.00000000       0.00000000       0.00000000    
   118.860077       0.00000000       0.00000000       0.00000000       0.00000000    
   119.060074       0.00000000       0.00000000       0.00000000       0.00000000    
   119.260071       0.00000000       0.00000000       0.00000000       0.00000000    
   119.460068       0.00000000       0.00000000       0.00000000       0.00000000    
   119.660065       0.00000000       0.00000000       0.00000000       0.00000000    
   119.860077       0.00000000       0.00000000       0.00000000       0.00000000    
   120.060074       0.00000000       0.00000000       0.00000000       0.00000000    
   120.260071       0.00000000       0.00000000       0.00000000       0.00000000    
   120.460068       0.00000000       0.00000000       0.00000000       0.00000000    
   120.660065       0.00000000       0.00000000       0.00000000       0.00000000    
   120.860077       0.00000000       0.00000000       0.00000000       0.00000000    
   121.060074       0.00000000       0.00000000       0.00000000       0.00000000    
   121.260071       0.00000000       0.00000000       0.00000000       0.00000000    
   121.460068       0.00000000       0.00000000       0.00000000       0.00000000    
   121.660065       0.00000000       0.00000000       0.00000000       0.00000000    
   121.860077       0.00000000       0.00000000       0.00000000       0.00000000    
   122.060074       0.00000000       0.00000000       0.00000000       0.00000000    
   122.260071       0.00000000       0.00000000       0.00000000       0.00000000    
   122.460068       0.00000000       0.00000000       0.00000000       0.00000000    
   122.660065       0.00000000       0.00000000       0.00000000       0.00000000    
   122.860077       0.00000000       0.00000000       0.00000000       0.00000000    
   123.060074       0.00000000       0.00000000       0.00000000       0.00000000    
   123.260071       0.00000000       0.00000000       0.00000000       0.00000000    
   123.460068       0.00000000       0.00000000       0.00000000       0.00000000    
   123.660065       0.00000000       0.00000000       0.00000000       0.00000000    
   123.860077       0.00000000       0.00000000       0.00000000       0.00000000    
   124.060074       0.00000000       0.00000000       0.00000000       0.00000000    
   124.260071       0.00000000       0.00000000       0.00000000       0.00000000    
   124.460068       0.00000000       0.00000000       0.00000000       0.00000000    
   124.660065       0.00000000       0.00000000       0.00000000       0.00000000    
   124.860077       0.00000000       0.00000000       0.00000000       0.00000000    
   125.060074       0.00000000       0.00000000       0.00000000       0.00000000    
   125.260071       0.00000000       0.00000000       0.00000000       0.00000000    
   125.460068       0.00000000       0.00000000       0.00000000       0.00000000    
   125.660065       0.00000000       0.00000000       0.00000000       0.00000000    
   125.860077       0.00000000       0.00000000       0.00000000       0.00000000    
   126.060074       0.00000000       0.00000000       0.00000000       0.00000000    
   126.260071       0.00000000       0.00000000       0.00000000       0.00000000    
   126.460068       0.00000000       0.00000000       0.00000000       0.00000000    
   126.660065       0.00000000       0.00000000       0.00000000       0.00000000    
   126.860077       0.00000000       0.00000000       0.00000000       0.00000000    
   127.060074       0.00000000       0.00000000       0.00000000       0.00000000    
   127.260071       0.00000000       0.00000000       0.00000000       0.00000000    
   127.460068       0.00000000       0.00000000       0.00000000       0.00000000    
   127.660065       0.00000000       0.00000000       0.00000000       0.00000000    
   127.860077       0.00000000       0.00000000       0.00000000       0.00000000    
   128.060074       0.00000000       0.00000000       0.00000000       0.00000000    
   128.260071       0.00000000       0.00000000       0.00000000       0.00000000    
   128.460068       0.00000000       0.00000000       0.00000000       0.00000000    
   128.660065       0.00000000       0.00000000       0.00000000       0.00000000    
   128.860077       0.00000000       0.00000000       0.00000000       0.00000000    
   129.060074       0.00000000       0.00000000       0.00000000       0.00000000    
   129.260071       0.00000000       0.00000000       0.00000000       0.00000000    
   129.460068       0.00000000       0.00000000       0.00000000       0.00000000    
   129.660065       0.00000000       0.00000000       0.00000000       0.00000000    
   129.860077       0.00000000       0.00000000       0.00000000       0.00000000    
   130.060074       0.00000000       0.00000000       0.00000000       0.00000000    
   130.260071       0.00000000       0.00000000       0.00000000       0.00000000    
   130.460068       0.00000000       0.00000000       0.00000000       0.00000000    
   130.660065       0.00000000       0.00000000       0.00000000       0.00000000    
   130.860077       0.00000000       0.00000000       0.00000000       0.00000000    
   131.060074       0.00000000       0.00000000       0.00000000       0.00000000    
   131.260071       0.00000000       0.00000000       0.00000000       0.00000000    
   131.460068       0.00000000       0.00000000       0.00000000       0.00000000    
   131.660065       0.00000000       0.00000000       0.00000000       0.00000000    
   131.860077       0.00000000       0.00000000       0.00000000       0.00000000    
   132.060074       0.00000000       0.00000000       0.00000000       0.00000000    
   132.260071       0.00000000       0.00000000       0.00000000       0.00000000    
   132.460068       0.00000000       0.00000000       0.00000000       0.00000000    
   132.660065       0.00000000       0.00000000       0.00000000       0.00000000    
   132.860077       0.00000000       0.00000000       0.00000000       0.00000000    
   133.060074       0.00000000       0.00000000       0.00000000       0.00000000    
   133.260071       0.00000000       0.00000000       0.00000000       0.00000000    
   133.460068       0.00000000       0.00000000       0.00000000       0.00000000    
   133.660065       0.00000000       0.00000000       0.00000000       0.00000000    
   133.860077       0.00000000       0.00000000       0.00000000       0.00000000    
   134.060074       0.00000000       0.00000000       0.00000000       0.00000000    
   134.260071       0.00000000       0.00000000       0.00000000       0.00000000    
   134.460068       0.00000000       0.00000000       0.00000000       0.00000000    
   134.660065       0.00000000       0.00000000       0.00000000       0.00000000    
   134.860077       0.00000000       0.00000000       0.00000000       0.00000000    
   135.060074       0.00000000       0.00000000       0.00000000       0.00000000    
   135.260071       0.00000000       0.00000000       0.00000000       0.00000000    
   135.460068       0.00000000       0.00000000       0.00000000       0.00000000    
   135.660065       0.00000000       0.00000000       0.00000000       0.00000000    
   135.860077       0.00000000       0.00000000       0.00000000       0.00000000    
   136.060074       0.00000000       0.00000000       0.00000000       0.00000000    
   136.260071       0.00000000       0.00000000       0.00000000       0.00000000    
   136.460068       0.00000000       0.00000000       0.00000000       0.00000000    
   136.660065       0.00000000       0.00000000       0.00000000       0.00000000    
   136.860077       0.00000000       0.00000000       0.00000000       0.00000000    
   137.060074       0.00000000       0.00000000       0.00000000       0.00000000    
   137.260071       0.00000000       0.00000000       0.00000000       0.00000000    
   137.460068       0.00000000       0.00000000       0.00000000       0.00000000    
   137.660065       0.00000000       0.00000000       0.00000000       0.00000000    
   137.860077       0.00000000       0.00000000       0.00000000       0.00000000    
   138.060074       0.00000000       0.00000000       0.00000000       0.00000000    
   138.260071       0.00000000       0.00000000       0.00000000       0.00000000    
   138.460068       0.00000000       0.00000000       0.00000000       0.00000000    
   138.660065       0.00000000       0.00000000       0.00000000       0.00000000    
   138.860077       0.00000000       0.00000000       0.00000000       0.00000000    
   139.060074       0.00000000       0.00000000       0.00000000       0.00000000    
   139.260071       0.00000000       0.00000000       0.00000000       0.00000000    
   139.460068       0.00000000       0.00000000       0.00000000       0.00000000    
   139.660065       0.00000000       0.00000000       0.00000000       0.00000000    
   139.860077       0.00000000       0.00000000       0.00000000       0.00000000    
   140.060074       0.00000000       0.00000000       0.00000000       0.00000000    
   140.260071       0.00000000       0.00000000       0.00000000       0.00000000    
   140.460068       0.00000000       0.00000000       0.00000000       0.00000000    
   140.660065       0.00000000       0.00000000       0.00000000       0.00000000    
   140.860077       0.00000000       0.00000000       0.00000000       0.00000000    
   141.060074       0.00000000       0.00000000       0.00000000       0.00000000    
   141.260071       0.00000000       0.00000000       0.00000000       0.00000000    
   141.460068       0.00000000       0.00000000       0.00000000       0.00000000    
   141.660065       0.00000000       0.00000000       0.00000000       0.00000000    
   141.860077       0.00000000       0.00000000       0.00000000       0.00000000    
   142.060074       0.00000000       0.00000000       0.00000000       0.00000000    
   142.260071       0.00000000       0.00000000       0.00000000       0.00000000    
   142.460068       0.00000000       0.00000000       0.00000000       0.00000000    
   142.660065       0.00000000       0.00000000       0.00000000       0.00000000    
   142.860077       0.00000000       0.00000000       0.00000000       0.00000000    
   143.060074       0.00000000       0.00000000       0.00000000       0.00000000    
   143.260071       0.00000000       0.00000000       0.00000000       0.00000000    
   143.460068       0.00000000       0.00000000       0.00000000       0.00000000    
   143.660065       0.00000000       0.00000000       0.00000000       0.00000000    
   143.860077       0.00000000       0.00000000       0.00000000       0.00000000    
   144.060074       0.00000000       0.00000000       0.00000000       0.00000000    
   144.260071       0.00000000       0.00000000       0.00000000       0.00000000    
   144.460068       0.00000000       0.00000000       0.00000000       0.00000000    
   144.660065       0.00000000       0.00000000       0.00000000       0.00000000    
   144.860077       0.00000000       0.00000000       0.00000000       0.00000000    
   145.060074       0.00000000       0.00000000       0.00000000       0.00000000    
   145.260071       0.00000000       0.00000000       0.00000000       0.00000000    
   145.460068       0.00000000       0.00000000       0.00000000       0.00000000    
   145.660065       0.00000000       0.00000000       0.00000000       0.00000000    
   145.860077       0.00000000       0.00000000       0.00000000       0.00000000    
   146.060074       0.00000000       0.00000000       0.00000000       0.00000000    
   146.260071       0.00000000       0.00000000       0.00000000       0.00000000    
   146.460068       0.00000000       0.00000000       0.00000000       0.00000000    
   146.660065       0.00000000       0.00000000       0.00000000       0.00000000    
   146.860077       0.00000000       0.00000000       0.00000000       0.00000000    
   147.060074       0.00000000       0.00000000       0.00000000       0.00000000    
   147.260071       0.00000000       0.00000000       0.00000000       0.00000000    
   147.460068       0.00000000       0.00000000       0.00000000       0.00000000    
   147.660065       0.00000000       0.00000000       0.00000000       0.00000000    
   147.860077       0.00000000       0.00000000       0.00000000       0.00000000    
   148.060074       0.00000000       0.00000000       0.00000000       0.00000000    
   148.260071       0.00000000       0.00000000       0.00000000       0.00000000    
   148.460068       0.00000000       0.00000000       0.00000000       0.00000000    
   148.660065       0.00000000       0.00000000       0.00000000       0.00000000    
   148.860077       0.00000000       0.00000000       0.00000000       0.00000000    
   149.060074       0.00000000       0.00000000       0.00000000       0.00000000    
   149.260071       0.00000000       0.00000000       0.00000000       0.00000000    
   149.460068       0.00000000       0.00000000       0.00000000       0.00000000    
   149.660065       0.00000000       0.00000000       0.00000000       0.00000000    
   149.860077       0.00000000       0.00000000       0.00000000       0.00000000    
   150.060074       0.00000000       0.00000000       0.00000000       0.00000000    
   150.260071       0.00000000       0.00000000       0.00000000       0.00000000    
   150.460068       0.00000000       0.00000000       0.00000000       0.00000000    
   150.660065       0.00000000       0.00000000       0.00000000       0.00000000    
   150.860077       0.00000000       0.00000000       0.00000000       0.00000000    
   151.060074       0.00000000       0.00000000       0.00000000       0.00000000    
   151.260071       0.00000000       0.00000000       0.00000000       0.00000000    
   151.460068       0.00000000       0.00000000       0.00000000       0.00000000    
   151.660065       0.00000000       0.00000000       0.00000000       0.00000000    
   151.860077       0.00000000       0.00000000       0.00000000       0.00000000    
   152.060074       0.00000000       0.00000000       0.00000000       0.00000000    
   152.260071       0.00000000       0.00000000       0.00000000       0.00000000    
   152.460068       0.00000000       0.00000000       0.00000000       0.00000000    
   152.660065       0.00000000       0.00000000       0.00000000       0.00000000    
   152.860077       0.00000000       0.00000000       0.00000000       0.00000000    
   153.060074       0.00000000       0.00000000       0.00000000       0.00000000    
   153.260071       0.00000000       0.00000000       0.00000000       0.00000000    
   153.460068       0.00000000       0.00000000       0.00000000       0.00000000    
   153.660065       0.00000000       0.00000000       0.00000000       0.00000000    
   153.860077       0.00000000       0.00000000       0.00000000       0.00000000    
   154.060074       0.00000000       0.00000000       0.00000000       0.00000000    
   154.260071       0.00000000       0.00000000       0.00000000       0.00000000    
   154.460068       0.00000000       0.00000000       0.00000000       0.00000000    
   154.660065       0.00000000       0.00000000       0.00000000       0.00000000    
   154.860077       0.00000000       0.00000000       0.00000000       0.00000000    
   155.060074       0.00000000       0.00000000       0.00000000       0.00000000    
   155.260071       0.00000000       0.00000000       0.00000000       0.00000000    
   155.460068       0.00000000       0.00000000       0.00000000       0.00000000    
   155.660065       0.00000000       0.00000000       0.00000000       0.00000000    
   155.860077       0.00000000       0.00000000       0.00000000       0.00000000    
   156.060074       0.00000000       0.00000000       0.00000000       0.00000000    
   156.260071       0.00000000       0.00000000       0.00000000       0.00000000    
   156.460068       0.00000000       0.00000000       0.00000000       0.00000000    
   156.660065       0.00000000       0.00000000       0.00000000       0.00000000    
   156.860077       0.00000000       0.00000000       0.00000000       0.00000000    
   157.060074       0.00000000       0.00000000       0.00000000       0.00000000    
   157.260071       0.00000000       0.00000000       0.00000000       0.00000000    
   157.460068       0.00000000       0.00000000       0.00000000       0.00000000    
   157.660065       0.00000000       0.00000000       0.00000000       0.00000000    
   157.860077       0.00000000       0.00000000       0.00000000       0.00000000    
   158.060074       0.00000000       0.00000000       0.00000000       0.00000000    
   158.260071       0.00000000       0.00000000       0.00000000       0.00000000    
   158.460068       0.00000000       0.00000000       0.00000000       0.00000000    
   158.660065       0.00000000       0.00000000       0.00000000       0.00000000    
   158.860077       0.00000000       0.00000000       0.00000000       0.00000000    
   159.060074       0.00000000       0.00000000       0.00000000       0.00000000    
   159.260071       0.00000000       0.00000000       0.00000000       0.00000000    
   159.460068       0.00000000       0.00000000       0.00000000       0.00000000    
   159.660065       0.00000000       0.00000000       0.00000000       0.00000000    
   159.860077       0.00000000       0.00000000       0.00000000       0.00000000    
   160.060074       0.00000000       0.00000000       0.00000000       0.00000000    
   160.260071       0.00000000       0.00000000       0.00000000       0.00000000    
   160.460068       0.00000000       0.00000000       0.00000000       0.00000000    
   160.660065       0.00000000       0.00000000       0.00000000       0.00000000    
   160.860077       0.00000000       0.00000000       0.00000000       0.00000000    
   161.060074       0.00000000       0.00000000       0.00000000       0.00000000    
   161.260071       0.00000000       0.00000000       0.00000000       0.00000000    
   161.460068       0.00000000       0.00000000       0.00000000       0.00000000    
   161.660065       0.00000000       0.00000000       0.00000000       0.00000000    
   161.860077       0.00000000       0.00000000       0.00000000       0.00000000    
   162.060074       0.00000000       0.00000000       0.00000000       0.00000000    
   162.260071       0.00000000       0.00000000       0.00000000       0.00000000    
   162.460068       0.00000000       0.00000000       0.00000000       0.00000000    
   162.660065       0.00000000       0.00000000       0.00000000       0.00000000    
   162.860077       0.00000000       0.00000000       0.00000000       0.00000000    
   163.060074       0.00000000       0.00000000       0.00000000       0.00000000    
   163.260071       0.00000000       0.00000000       0.00000000       0.00000000    
   163.460068       0.00000000       0.00000000       0.00000000       0.00000000    
   163.660065       0.00000000       0.00000000       0.00000000       0.00000000    
   163.860077       0.00000000       0.00000000       0.00000000       0.00000000    
   164.060074       0.00000000       0.00000000       0.00000000       0.00000000    
   164.260071       0.00000000       0.00000000       0.00000000       0.00000000    
   164.460068       0.00000000       0.00000000       0.00000000       0.00000000    
   164.660065       0.00000000       0.00000000       0.00000000       0.00000000    
   164.860077       0.00000000       0.00000000       0.00000000       0.00000000    
   165.060074       0.00000000       0.00000000       0.00000000       0.00000000    
   165.260071       0.00000000       0.00000000       0.00000000       0.00000000    
   165.460068       0.00000000       0.00000000       0.00000000       0.00000000    
   165.660065       0.00000000       0.00000000       0.00000000       0.00000000    
   165.860077       0.00000000       0.00000000       0.00000000       0.00000000    
   166.060074       0.00000000       0.00000000       0.00000000       0.00000000    
   166.260071       0.00000000       0.00000000       0.00000000       0.00000000    
   166.460068       0.00000000       0.00000000       0.00000000       0.00000000    
   166.660065       0.00000000       0.00000000       0.00000000       0.00000000    
   166.860077       0.00000000       0.00000000       0.00000000       0.00000000    
   167.060074       0.00000000       0.00000000       0.00000000       0.00000000    
