5.105000000000000426e+01 0.000000000000000000e+00 0.000000000000000000e+00
5.200000000000000000e+01 0.000000000000000000e+00 0.000000000000000000e+00
5.305000000000000426e+01 0.000000000000000000e+00 0.000000000000000000e+00
5.390000000000000568e+01 0.000000000000000000e+00 0.000000000000000000e+00
5.495000000000000284e+01 0.000000000000000000e+00 0.000000000000000000e+00
5.610000000000000142e+01 0.000000000000000000e+00 0.000000000000000000e+00
5.690000000000000568e+01 0.000000000000000000e+00 0.000000000000000000e+00
5.790000000000000568e+01 0.000000000000000000e+00 0.000000000000000000e+00
5.875000000000000000e+01 0.000000000000000000e+00 0.000000000000000000e+00
5.960000000000000142e+01 0.000000000000000000e+00 0.000000000000000000e+00
6.045000000000000284e+01 0.000000000000000000e+00 0.000000000000000000e+00
6.150000000000000000e+01 0.000000000000000000e+00 0.000000000000000000e+00
6.250000000000000000e+01 0.000000000000000000e+00 0.000000000000000000e+00
6.345000000000000284e+01 0.000000000000000000e+00 0.000000000000000000e+00
6.445000000000000284e+01 0.000000000000000000e+00 0.000000000000000000e+00
6.529999999999999716e+01 0.000000000000000000e+00 0.000000000000000000e+00
6.640000000000000568e+01 0.000000000000000000e+00 0.000000000000000000e+00
6.725000000000000000e+01 0.000000000000000000e+00 0.000000000000000000e+00
6.845000000000000284e+01 0.000000000000000000e+00 0.000000000000000000e+00
6.929999999999999716e+01 0.000000000000000000e+00 0.000000000000000000e+00
7.025000000000000000e+01 0.000000000000000000e+00 0.000000000000000000e+00
7.115000000000000568e+01 0.000000000000000000e+00 0.000000000000000000e+00
7.240000000000000568e+01 0.000000000000000000e+00 0.000000000000000000e+00
7.350000000000000000e+01 0.000000000000000000e+00 0.000000000000000000e+00
7.485000000000000853e+01 0.000000000000000000e+00 0.000000000000000000e+00
7.570000000000000284e+01 0.000000000000000000e+00 0.000000000000000000e+00
7.670000000000000284e+01 0.000000000000000000e+00 0.000000000000000000e+00
7.770000000000000284e+01 0.000000000000000000e+00 0.000000000000000000e+00
7.890000000000000568e+01 0.000000000000000000e+00 0.000000000000000000e+00
7.970000000000000284e+01 0.000000000000000000e+00 0.000000000000000000e+00
8.070000000000000284e+01 0.000000000000000000e+00 0.000000000000000000e+00
8.195000000000000284e+01 0.000000000000000000e+00 0.000000000000000000e+00
8.300000000000000000e+01 0.000000000000000000e+00 0.000000000000000000e+00
8.410000000000000853e+01 0.000000000000000000e+00 0.000000000000000000e+00
8.530000000000001137e+01 0.000000000000000000e+00 0.000000000000000000e+00
8.615000000000000568e+01 0.000000000000000000e+00 0.000000000000000000e+00
8.750000000000000000e+01 0.000000000000000000e+00 0.000000000000000000e+00
8.870000000000000284e+01 0.000000000000000000e+00 0.000000000000000000e+00
8.955000000000001137e+01 0.000000000000000000e+00 0.000000000000000000e+00
9.075000000000000000e+01 0.000000000000000000e+00 0.000000000000000000e+00
9.185000000000000853e+01 0.000000000000000000e+00 0.000000000000000000e+00
9.270000000000000284e+01 0.000000000000000000e+00 0.000000000000000000e+00
9.415000000000000568e+01 0.000000000000000000e+00 0.000000000000000000e+00
9.510000000000000853e+01 0.000000000000000000e+00 0.000000000000000000e+00
9.595000000000000284e+01 0.000000000000000000e+00 0.000000000000000000e+00
9.700000000000000000e+01 0.000000000000000000e+00 0.000000000000000000e+00
9.790000000000000568e+01 0.000000000000000000e+00 0.000000000000000000e+00
9.880000000000001137e+01 0.000000000000000000e+00 0.000000000000000000e+00
9.990000000000000568e+01 0.000000000000000000e+00 0.000000000000000000e+00
1.010000000000000000e+02 0.000000000000000000e+00 0.000000000000000000e+00
1.018500000000000085e+02 0.000000000000000000e+00 0.000000000000000000e+00
1.031500000000000057e+02 0.000000000000000000e+00 0.000000000000000000e+00
1.043500000000000085e+02 0.000000000000000000e+00 0.000000000000000000e+00
1.055000000000000000e+02 0.000000000000000000e+00 0.000000000000000000e+00
1.069500000000000028e+02 0.000000000000000000e+00 0.000000000000000000e+00
1.079500000000000028e+02 0.000000000000000000e+00 0.000000000000000000e+00
1.092000000000000028e+02 0.000000000000000000e+00 0.000000000000000000e+00
1.102000000000000028e+02 0.000000000000000000e+00 0.000000000000000000e+00
1.110500000000000114e+02 0.000000000000000000e+00 0.000000000000000000e+00
1.120500000000000114e+02 0.000000000000000000e+00 0.000000000000000000e+00
1.129500000000000028e+02 0.000000000000000000e+00 0.000000000000000000e+00
1.142000000000000028e+02 0.000000000000000000e+00 0.000000000000000000e+00
1.151500000000000057e+02 0.000000000000000000e+00 0.000000000000000000e+00
1.164000000000000057e+02 0.000000000000000000e+00 0.000000000000000000e+00
1.173500000000000085e+02 0.000000000000000000e+00 0.000000000000000000e+00
1.186000000000000085e+02 0.000000000000000000e+00 0.000000000000000000e+00
1.197000000000000028e+02 0.000000000000000000e+00 0.000000000000000000e+00
1.207500000000000000e+02 0.000000000000000000e+00 0.000000000000000000e+00
1.221500000000000057e+02 0.000000000000000000e+00 0.000000000000000000e+00
1.232000000000000028e+02 0.000000000000000000e+00 0.000000000000000000e+00
1.245500000000000114e+02 0.000000000000000000e+00 0.000000000000000000e+00
1.256500000000000057e+02 0.000000000000000000e+00 0.000000000000000000e+00
1.267000000000000028e+02 0.000000000000000000e+00 0.000000000000000000e+00
1.277500000000000000e+02 0.000000000000000000e+00 0.000000000000000000e+00
1.288000000000000114e+02 0.000000000000000000e+00 0.000000000000000000e+00
1.298499999999999943e+02 0.000000000000000000e+00 0.000000000000000000e+00
1.307000000000000171e+02 0.000000000000000000e+00 0.000000000000000000e+00
1.319000000000000057e+02 0.000000000000000000e+00 0.000000000000000000e+00
1.330500000000000114e+02 0.000000000000000000e+00 0.000000000000000000e+00
1.340000000000000000e+02 0.000000000000000000e+00 0.000000000000000000e+00
1.348000000000000114e+02 0.000000000000000000e+00 0.000000000000000000e+00
1.357500000000000000e+02 0.000000000000000000e+00 0.000000000000000000e+00
1.369500000000000171e+02 0.000000000000000000e+00 0.000000000000000000e+00
1.379000000000000057e+02 0.000000000000000000e+00 0.000000000000000000e+00
1.388499999999999943e+02 0.000000000000000000e+00 0.000000000000000000e+00
1.403000000000000114e+02 0.000000000000000000e+00 0.000000000000000000e+00
1.414500000000000171e+02 0.000000000000000000e+00 0.000000000000000000e+00
1.423000000000000114e+02 0.000000000000000000e+00 0.000000000000000000e+00
1.435000000000000000e+02 0.000000000000000000e+00 0.000000000000000000e+00
1.447500000000000000e+02 0.000000000000000000e+00 0.000000000000000000e+00
1.459500000000000171e+02 0.000000000000000000e+00 0.000000000000000000e+00
1.469500000000000171e+02 0.000000000000000000e+00 0.000000000000000000e+00
