   15.4857750       3.22876945E-02   6.45753890E-02
   3.22876945E-02   5.43922244E-04 -0.568673551       6.18762104E-04  0.225916699    
   6.45753890E-02   4.58528735E-02   5.53316288E-02   3.08489688E-02   1.71250682E-02
   9.68630835E-02 -0.423734903     -0.888946891       6.87743202E-02  0.203084469    
  0.129150778      -4.23226953E-02 -0.304264873       1.64123233E-02   8.80713984E-02
  0.161438465      -1.76761635E-02  0.368902296       1.72491111E-02   8.37642476E-02
  0.193726152       2.67178323E-02   3.26132402E-02   6.85284752E-03   6.22558445E-02
  0.226013869     -0.114103720     -0.112198994       3.06748264E-02   2.81049386E-02
  0.258301556      -7.14845508E-02 -0.122413009       2.11519487E-02   4.04653363E-02
  0.290589243      -2.56247935E-03   8.58600587E-02   3.28245834E-02   2.31104847E-02
  0.322876930      0.155637890       4.78802621E-02   5.65523356E-02   1.30895115E-02
  0.355164617      -5.42671010E-02   2.57698819E-02   2.43053436E-02   1.25896167E-02
  0.387452334     -0.106425002      -1.95536483E-02   4.23918851E-02   1.11752898E-02
  0.419740021      -1.01401387E-02  0.134603828       1.66998561E-02   4.52330932E-02
  0.452027708       3.85225713E-02  -3.19451690E-02   3.63748595E-02   1.72916502E-02
  0.484315425      0.215736985       5.53403981E-03   7.97762647E-02   4.42048861E-03
  0.516603112      -8.57289210E-02  -6.85916692E-02   3.62536237E-02   1.97997149E-02
  0.548890829      0.104998402       5.15939854E-02   5.01349196E-02   2.00683158E-02
  0.581178546      -4.88369130E-02   1.39740631E-02   2.12731063E-02   1.10219177E-02
  0.613466203      -2.56188139E-02  -1.90565549E-02   8.02901853E-03   7.25041609E-03
  0.645753920      -4.51442003E-02   2.74107954E-03   1.32275615E-02   5.39663807E-03
  0.678041577      0.116842352      -8.95351097E-02   6.03207499E-02   3.68688777E-02
  0.710329294      -1.23781245E-02   3.48338224E-02   6.94063958E-03   1.31848929E-02
  0.742617011       1.39269009E-02  -1.99520290E-02   1.19585162E-02   9.94660240E-03
  0.774904668       1.17321135E-02  -7.49431783E-03   4.38175071E-03   3.20146396E-03
  0.807192385      -8.05645902E-03   2.61850934E-02   4.12531383E-03   1.38015104E-02
  0.839480102       6.86138570E-02  -1.67332329E-02   3.87245826E-02   1.34824766E-02
  0.871767759      -1.60393231E-02   2.68990286E-02   7.60733336E-03   1.00329267E-02
  0.904055476       3.73231843E-02  -5.04449382E-02   1.50631471E-02   2.80409008E-02
  0.936343193      -5.82769560E-03   1.73396543E-02   2.27290322E-03   6.63132826E-03
  0.968630850       4.72232401E-02   1.57850888E-02   1.95012931E-02   1.17146512E-02
   1.00091851      -7.25985393E-02   2.93531343E-02   3.63611132E-02   1.25613296E-02
   1.03320622      -4.91559654E-02  -1.71195623E-02   2.42968071E-02   8.92379973E-03
   1.06549394       1.29240407E-02   1.21508827E-02   7.08681624E-03   8.19262583E-03
   1.09778166      -2.99461801E-02  -3.00353225E-02   1.37423594E-02   1.07751787E-02
   1.13006938      -4.80945706E-02   3.33517254E-03   2.36661527E-02   3.49589414E-03
   1.16235697      -6.89402223E-04  -3.43775451E-02   4.11514798E-03   1.69652719E-02
   1.19464469       2.03252099E-02  -3.65993083E-02   7.82246422E-03   1.45475371E-02
   1.22693241      -8.25575495E-04   4.69743594E-04   4.08290280E-03   4.40059742E-03
   1.25922012      -1.93240903E-02  -1.72209572E-02   8.60851165E-03   7.40248384E-03
   1.29150784       3.53010534E-03   1.77635462E-03   4.70312545E-03   3.43267247E-03
   1.32379544      -4.23276052E-02  -3.39550665E-03   1.87309720E-02   2.36650207E-03
   1.35608315      -6.10042457E-03   2.45970837E-03   3.66893457E-03   2.33275793E-03
   1.38837087       1.66232456E-02   1.11126015E-02   9.98746883E-03   4.76888753E-03
   1.42065859       3.58062820E-03  -3.77913169E-03   1.78660813E-03   6.23583933E-03
   1.45294631      -2.29688035E-03  -9.73927509E-03   2.55581201E-03   4.16305196E-03
   1.48523402       5.80828229E-04  -1.70083344E-02   1.45160814E-03   7.90736638E-03
   1.51752162      -1.95586085E-02   1.12652499E-02   6.13077451E-03   4.94469656E-03
   1.54980934       1.02313738E-02  -1.62096191E-02   5.97336004E-03   7.11815385E-03
   1.58209705      -1.43738221E-02   6.70315092E-03   8.71684402E-03   7.16743572E-03
   1.61438477       4.93225828E-02  -1.13791227E-02   2.65894886E-02   4.87851771E-03
   1.64667249       5.06694894E-03   4.65642959E-02   7.49764126E-03   2.53054574E-02
   1.67896008      -4.13689911E-02  -3.98409599E-03   2.26071347E-02   1.74901169E-02
   1.71124780       1.06208678E-02   3.68288346E-02   6.65137405E-03   2.21228264E-02
   1.74353552       2.05299165E-02  -1.84376035E-02   1.34411315E-02   1.08343111E-02
   1.77582324      -2.88540567E-03  -1.04108285E-02   3.05430847E-03   9.22684558E-03
   1.80811095      -2.19796188E-02   3.25851925E-02   1.31726526E-02   2.10176390E-02
   1.84039867      -1.32413814E-02  -1.89097337E-02   1.39099648E-02   1.16564529E-02
   1.87268627       1.47793647E-02   6.84579322E-03   8.89614318E-03   6.03292743E-03
   1.90497398       1.62899843E-03  -2.28385185E-03   4.70772758E-03   2.80399155E-03
   1.93726170      -3.93172447E-03  -9.29684564E-03   1.96756632E-03   4.48172353E-03
   1.96954942       5.35277985E-02   6.47365069E-03   2.63033621E-02   5.10392943E-03
   2.00183702      -1.80118100E-03  -2.24505346E-02   3.33352271E-03   1.37673514E-02
   2.03412461       1.73104019E-03  -4.30922629E-03   3.71484482E-03   3.64132645E-03
   2.06641245       1.47277853E-02   2.32489482E-02   9.08862613E-03   1.30222840E-02
   2.09870005      -4.46620397E-03  -9.09355842E-03   3.32398270E-03   3.73891927E-03
   2.13098764      -2.40805801E-02   8.27057473E-03   1.41078383E-02   4.87198727E-03
   2.16327548       9.47801117E-03  -3.31988349E-03   7.83868413E-03   4.10968438E-03
   2.19556308       5.54035185E-04   2.60363165E-02   2.56160228E-03   1.49501711E-02
   2.22785091      -1.75996721E-02  -8.51756427E-03   9.60537046E-03   5.18202316E-03
   2.26013851       8.23696051E-03   1.07846642E-02   6.01511309E-03   8.13489780E-03
   2.29242611       1.69219635E-02  -1.49235374E-03   1.01693058E-02   2.32993951E-03
   2.32471395      -4.12667543E-03  -5.43672126E-04   3.18840472E-03   4.04759403E-03
   2.35700154      -5.83538646E-03   1.16640255E-02   3.96187650E-03   8.27397220E-03
   2.38928938       1.24394475E-03  -1.43232867E-02   4.56837518E-03   1.03220493E-02
   2.42157698       4.04346222E-03   1.93990301E-02   2.77115661E-03   1.56189175E-02
   2.45386457       1.20255621E-02  -9.98761784E-03   7.88387936E-03   7.76526378E-03
   2.48615241      -8.68570805E-03  -1.56642813E-02   7.51939090E-03   9.03020799E-03
   2.51844001       1.05943102E-02   9.32849478E-03   5.94950747E-03   4.37008543E-03
   2.55072784      -8.00295360E-03  -3.89850186E-03   5.18332189E-03   4.90870094E-03
   2.58301544       2.10760031E-02   1.29895918E-02   1.26570826E-02   8.55068024E-03
   2.61530304       2.02538166E-03   7.97861503E-05   2.64670583E-03   3.01388581E-03
   2.64759088      -1.25956675E-02  -1.19047016E-02   8.57915822E-03   9.60948318E-03
   2.67987847       2.64444831E-03  -5.13285864E-03   2.48460635E-03   4.29257331E-03
   2.71216631      -1.09362733E-02  -5.43282740E-03   5.64816454E-03   3.30561353E-03
   2.74445391       1.91005114E-02   1.74367558E-02   1.16642416E-02   1.13530112E-02
   2.77674174      -2.76054740E-02  -7.52512505E-03   1.68581605E-02   6.08233083E-03
   2.80902934       4.31226054E-03   4.60687373E-03   4.85851848E-03   2.51642428E-03
   2.84131694      -1.17638772E-02  -2.46456545E-02   9.09439661E-03   1.54939070E-02
   2.87360477       5.94965881E-03   6.05419325E-03   6.65453123E-03   5.91847999E-03
   2.90589237      -1.71893258E-02  -1.80440377E-02   1.18035739E-02   1.35426000E-02
   2.93818021       5.30923065E-03   1.98783702E-03   3.59947165E-03   6.29201997E-03
   2.97046781       1.73757169E-02  -3.13569419E-03   1.28816273E-02   6.91495603E-03
   3.00275540      -8.68010707E-03   5.83781395E-03   6.42841216E-03   4.71715396E-03
   3.03504324      -2.56937146E-02  -5.85980015E-03   1.70023125E-02   3.68425972E-03
   3.06733084       8.11151136E-03  -3.10052722E-03   4.63126460E-03   5.23408456E-03
   3.09961867       3.67674790E-03   1.91308688E-02   5.63154928E-03   1.33036859E-02
