 angular_freq	sdprior	gsk	gck
   3.22876945E-02  0.999999940      0.999999642      0.951440036    
   6.45753890E-02  0.249999985      0.985001862      0.995329618    
   9.68630835E-02  0.111111104      0.723001778      0.230377167    
  0.129150778       6.24999963E-02  0.935491025      0.334931821    
  0.161438465       3.99999991E-02  0.843200624      0.185691327    
  0.193726152       2.77777798E-02  0.942629576      0.166029587    
  0.226013869       2.04081628E-02  0.306822926      0.345241845    
  0.258301556       1.56249991E-02  0.353036165      0.129752696    
  0.290589243       1.23456782E-02  0.123928465      0.222015277    
  0.322876930       9.99999978E-03   3.03198732E-02  0.368547678    
  0.355164617       8.26446433E-03  0.103635922      0.301152676    
  0.387452334       6.94444403E-03   2.61341650E-02  0.278577954    
  0.419740021       5.91715937E-03  0.111541897       1.68246068E-02
  0.452027708       5.10204071E-03   1.92940757E-02   8.00869465E-02
  0.484315425       4.44444409E-03   3.09415208E-03  0.502702236    
  0.516603112       3.90624977E-03   1.14763612E-02   3.74644138E-02
  0.548890829       3.46020749E-03   4.74088918E-03   2.88708415E-02
  0.581178546       3.08641908E-03   2.06158403E-02   7.27126226E-02
  0.613466203       2.77008303E-03  0.106369838      0.127375826    
  0.645753920       2.49999994E-03   3.44887711E-02  0.176684931    
  0.678041577       2.26757349E-03   1.41115917E-03   3.76845384E-03
  0.710329294       2.06611562E-03   8.14021155E-02   2.39673704E-02
  0.742617011       1.89035886E-03   2.43789535E-02   3.48601490E-02
  0.774904668       1.73611101E-03  0.135684967      0.227247119    
  0.807192385       1.59999996E-03  0.130757570       1.32613825E-02
  0.839480102       1.47928961E-03   1.45713449E-03   1.18951546E-02
  0.871767759       1.37174199E-03   3.14908028E-02   1.83504224E-02
  0.904055476       1.27551018E-03   7.11923791E-03   2.06483924E-03
  0.936343193       1.18906039E-03  0.214874566       3.11503690E-02
  0.968630850       1.11111102E-03   3.23579158E-03   8.91593006E-03
   1.00091851       1.04058266E-03   8.18320317E-04   6.81572128E-03
   1.03320622       9.76562442E-04   1.61287456E-03   1.18339667E-02
   1.06549394       9.18273581E-04   1.65124200E-02   1.24072591E-02
   1.09778166       8.65051872E-04   3.94679187E-03   6.40390953E-03
   1.13006938       8.16326297E-04   1.18838146E-03   5.17074801E-02
   1.16235697       7.71604886E-04   3.39635126E-02   2.06429069E-03
   1.19464469       7.30460160E-04   8.64440948E-03   2.51489901E-03
   1.22693241       6.92520756E-04   2.79646609E-02   2.41667330E-02
   1.25922012       6.57462166E-04   5.79908630E-03   7.82661885E-03
   1.29150784       6.24999986E-04   1.73533875E-02   3.20871770E-02
   1.32379544       5.94883983E-04   1.00764155E-03   5.94346561E-02
   1.35608315       5.66893374E-04   2.33171992E-02   5.57627939E-02
   1.38837087       5.40832873E-04   2.92377290E-03   1.26981931E-02
   1.42065859       5.16528904E-04   7.71378502E-02   6.81443466E-03
   1.45294631       4.93827160E-04   3.59893478E-02   1.38757955E-02
   1.48523402       4.72589716E-04   9.58336592E-02   3.55923176E-03
   1.51752162       4.52693494E-04   5.42270951E-03   8.31197575E-03
   1.54980934       4.34027752E-04   5.25183091E-03   3.70414997E-03
   1.58209705       4.16493102E-04   2.27775355E-03   3.36530176E-03
   1.61438477       3.99999990E-04   2.26256831E-04   6.67781336E-03
   1.64667249       3.84467421E-04   2.62258342E-03   2.30775928E-04
   1.67896008       3.69822461E-04   2.67534197E-04   4.46896564E-04
   1.71124780       3.55998549E-04   2.85648112E-03   2.58882559E-04
   1.74353552       3.42935498E-04   6.50534872E-04   1.00089237E-03
   1.77582324       3.30578507E-04   1.15788514E-02   1.28199277E-03
   1.80811095       3.18877544E-04   5.85661910E-04   2.30133606E-04
   1.84039867       3.07786948E-04   4.89368220E-04   6.96730625E-04
   1.87268627       2.97265156E-04   1.11532095E-03   2.42202519E-03
   1.90497398       2.87273753E-04   3.70983896E-03   1.03873247E-02
   1.93726170       2.77777755E-04   1.95418280E-02   3.82683403E-03
   1.96954942       2.68744945E-04   1.04378909E-04   2.76483293E-03
   2.00183702       2.60145665E-04   6.05326239E-03   3.56925331E-04
   2.03412461       2.51952646E-04   4.57892288E-03   4.76479623E-03
   2.06641245       2.44140610E-04   7.21058168E-04   3.51360621E-04
   2.09870005       2.36686377E-04   5.04466798E-03   3.99132818E-03
   2.13098764       2.29568454E-04   2.64721049E-04   2.21538357E-03
   2.16327548       2.22766743E-04   8.06981931E-04   2.92960834E-03
   2.19556308       2.16263012E-04   7.07712071E-03   2.09209451E-04
   2.22785091       2.10039900E-04   4.77933820E-04   1.64018187E-03
   2.26013851       2.04081618E-04   1.14979548E-03   6.28970622E-04
   2.29242611       1.98373367E-04   3.80381069E-04   7.19681941E-03
   2.32471395       1.92901221E-04   3.64700449E-03   2.26616091E-03
   2.35700154       1.87652491E-04   2.23837886E-03   5.14111365E-04
   2.38928938       1.82615040E-04   1.59535080E-03   3.12899851E-04
   2.42157698       1.77777765E-04   4.09872737E-03   1.29537875E-04
   2.45386457       1.73130218E-04   4.82010393E-04   4.96841094E-04
   2.48615241       1.68662489E-04   5.02867100E-04   3.48730566E-04
   2.51844001       1.64365571E-04   7.62655400E-04   1.41262845E-03
   2.55072784       1.60230717E-04   9.54685616E-04   1.06437807E-03
   2.58301544       1.56249997E-04   1.52372508E-04   3.33805685E-04
   2.61530304       1.52415814E-04   3.30529967E-03   2.55092233E-03
   2.64759088       1.48720996E-04   3.00417130E-04   2.39464134E-04
   2.67987847       1.45158978E-04   3.40167480E-03   1.14223640E-03
   2.71216631       1.41723343E-04   6.29208749E-04   1.83476775E-03
   2.74445391       1.38408330E-04   1.40783042E-04   1.48606501E-04
   2.77674174       1.35208218E-04   6.43217572E-05   4.93914238E-04
   2.80902934       1.32117842E-04   7.38914474E-04   2.74890498E-03
   2.84131694       1.29132255E-04   2.01573828E-04   6.94572227E-05
   2.87360477       1.26246683E-04   3.59789730E-04   4.54801630E-04
   2.90589237       1.23456804E-04   1.09384433E-04   8.30978679E-05
   2.93818021       1.20758355E-04   1.12426409E-03   3.68208886E-04
   2.97046781       1.18147444E-04   8.41144647E-05   2.91838805E-04
   3.00275540       1.15620307E-04   3.23385349E-04   6.00409170E-04
   3.03504324       1.13173373E-04   4.43050558E-05   9.42710671E-04
   3.06733084       1.10803332E-04   5.72081481E-04   4.47950035E-04
   3.09961867       1.08506938E-04   3.71106085E-04   6.65184562E-05
