  -17.5399323     -0.354889721     -0.354889721     -0.354889721    
  -17.3399315     -0.469264001     -0.469264001     -0.469264001    
  -17.1399326     -0.530977666     -0.530977666     -0.530977666    
  -16.9399319     -0.545835435     -0.545835435     -0.545835435    
  -16.7399330     -0.528670430     -0.528670430     -0.528670430    
  -16.5399323     -0.496973425     -0.496973425     -0.496973425    
  -16.3399315     -0.464224964     -0.464224964     -0.464224964    
  -16.1399326     -0.435286582     -0.435286582     -0.435286582    
  -15.9399319     -0.405415505     -0.405415505     -0.405415505    
  -15.7399321     -0.363273740     -0.363273740     -0.363273740    
  -15.5399323     -0.296763897     -0.296763897     -0.296763897    
  -15.3399324     -0.199603915     -0.199603915     -0.199603915    
  -15.1399326      -7.61023164E-02  -7.61023164E-02  -7.61023164E-02
  -14.9399319       5.77001572E-02   5.77001572E-02   5.77001572E-02
  -14.7399321      0.177260488      0.177260488      0.177260488    
  -14.5399323      0.256274253      0.256274253      0.256274253    
  -14.3399324      0.274841517      0.274841517      0.274841517    
  -14.1399326      0.226356596      0.226356596      0.226356596    
  -13.9399319      0.120748259      0.120748259      0.120748259    
  -13.7399321      -1.72237456E-02  -1.72237456E-02  -1.72237456E-02
  -13.5399323     -0.154302821     -0.154302821     -0.154302821    
  -13.3399315     -0.257916301     -0.257916301     -0.257916301    
  -13.1399326     -0.305436671     -0.305436671     -0.305436671    
  -12.9399319     -0.290694416     -0.290694416     -0.290694416    
  -12.7399321     -0.225733951     -0.225733951     -0.225733951    
  -12.5399323     -0.137281939     -0.137281939     -0.137281939    
  -12.3399315      -5.90238534E-02  -5.90238534E-02  -5.90238534E-02
  -12.1399326      -2.20361408E-02  -2.20361408E-02  -2.20361408E-02
  -11.9399319      -4.62713838E-02  -4.62713838E-02  -4.62713838E-02
  -11.7399321     -0.135563552     -0.135563552     -0.135563552    
  -11.5399323     -0.277456045     -0.277456045     -0.277456045    
  -11.3399315     -0.447660029     -0.447660029     -0.447660029    
  -11.1399326     -0.617522478     -0.617522478     -0.617522478    
  -10.9399319     -0.762042344     -0.762042344     -0.762042344    
  -10.7399321     -0.865993083     -0.865993083     -0.865993083    
  -10.5399323     -0.926428616     -0.926428616     -0.926428616    
  -10.3399315     -0.951151252     -0.951151252     -0.951151252    
  -10.1399326     -0.954001963     -0.954001963     -0.954001963    
  -9.93993187     -0.948838711     -0.948838711     -0.948838711    
  -9.73993206     -0.944338739     -0.944338739     -0.944338739    
  -9.53993225     -0.941332757     -0.941332757     -0.941332757    
  -9.33993244     -0.933414161     -0.933414161     -0.933414161    
  -9.13993168     -0.910421968     -0.910421968     -0.910421968    
  -8.93993187     -0.863423407     -0.863423407     -0.863423407    
  -8.73993206     -0.789330423     -0.789330423     -0.789330423    
  -8.53993225     -0.693535864     -0.693535864     -0.693535864    
  -8.33993244     -0.589629591     -0.589629591     -0.589629591    
  -8.13993168     -0.496253520     -0.496253520     -0.496253520    
  -7.93993187     -0.432151049     -0.432151049     -0.432151049    
  -7.73993206     -0.410952389     -0.410952389     -0.410952389    
  -7.53993225     -0.437358111     -0.437358111     -0.437358111    
  -7.33993244     -0.505859256     -0.505859256     -0.505859256    
  -7.13993168     -0.602357209     -0.602357209     -0.602357209    
  -6.93993187     -0.708117366     -0.708117366     -0.708117366    
  -6.73993206     -0.804850399     -0.804850399     -0.804850399    
  -6.53993225     -0.879483581     -0.879483581     -0.879483581    
  -6.33993244     -0.927234828     -0.927234828     -0.927234828    
  -6.13993168     -0.952307105     -0.952307105     -0.952307105    
  -5.93993187     -0.966097832     -0.966097832     -0.966097832    
  -5.73993206     -0.983537316     -0.983537316     -0.983537316    
  -5.53993225      -1.01867175      -1.01867175      -1.01867175    
  -5.33993244      -1.08060515      -1.08060515      -1.08060515    
  -5.13993168      -1.17085505      -1.17085505      -1.17085505    
  -4.93993187      -1.28269029      -1.28269029      -1.28269029    
  -4.73993206      -1.40254009      -1.40254009      -1.40254009    
  -4.53993225      -1.51302171      -1.51302171      -1.51302171    
  -4.33993244      -1.59692156      -1.59692156      -1.59692156    
  -4.13993168      -1.64114428      -1.64114428      -1.64114428    
  -3.93993187      -1.63984430      -1.63984430      -1.63984430    
  -3.73993206      -1.59594870      -1.59594870      -1.59594870    
  -3.53993225      -1.52086520      -1.52086520      -1.52086520    
  -3.33993244      -1.43226671      -1.43226671      -1.43226671    
  -3.13993168      -1.35046375      -1.35046375      -1.35046375    
  -2.93993187      -1.29409432      -1.29409432      -1.29409432    
  -2.73993206      -1.27602637      -1.27602637      -1.27602637    
  -2.53993225      -1.30052745      -1.30052745      -1.30052745    
  -2.33993244      -1.36227596      -1.36227596      -1.36227596    
  -2.13993168      -1.44770324      -1.44770324      -1.44770324    
  -1.93993187      -1.53822720      -1.53822720      -1.53822720    
  -1.73993206      -1.61480045      -1.61480045      -1.61480045    
  -1.53993225      -1.66251278      -1.66251278      -1.66251278    
  -1.33993149      -1.67404926      -1.67404926      -1.67404926    
  -1.13993263      -1.65114844      -1.65114844      -1.65114844    
 -0.939931870      -1.60358047      -1.60358047      -1.60358047    
 -0.739931107      -1.54592383      -1.54592383      -1.54592383    
 -0.539932251      -1.49321389      -1.49321389      -1.49321389    
 -0.339931488      -1.45669174      -1.45669174      -1.45669174    
 -0.139932632      -1.44084013      -1.44084013      -1.44084013    
   6.00681305E-02  -1.44281411      -1.44281411      -1.44281411    
  0.260068893      -1.45406902      -1.45406902      -1.45406902    
  0.460067749      -1.46380520      -1.46380520      -1.46380520    
  0.660068512      -1.46282744      -1.46282744      -1.46282744    
  0.860067368      -1.44663453      -1.44663453      -1.44663453    
   1.06006813      -1.41658854      -1.41658854      -1.41658854    
   1.26006889      -1.37881970      -1.37881970      -1.37881970    
   1.46006775      -1.34136343      -1.34136343      -1.34136343    
   1.66006851      -1.31062663      -1.31062663      -1.31062663    
   1.86006737      -1.28855813      -1.28855813      -1.28855813    
   2.06006813      -1.27165747      -1.27165747      -1.27165747    
   2.26006889      -1.25234532      -1.25234532      -1.25234532    
   2.46006775      -1.22225738      -1.22225738      -1.22225738    
   2.66006851      -1.17627525      -1.17627525      -1.17627525    
   2.86006737      -1.11582398      -1.11582398      -1.11582398    
   3.06006813      -1.05002654      -1.05002654      -1.05002654    
   3.26006889     -0.994149446     -0.994149446     -0.994149446    
   3.46006775     -0.965557337     -0.965557337     -0.965557337    
   3.66006851     -0.978539646     -0.978539646     -0.978539646    
   3.86006737      -1.03960323      -1.03960323      -1.03960323    
   4.06006813      -1.14497936      -1.14497936      -1.14497936    
   4.26006889      -1.28129315      -1.28129315      -1.28129315    
   4.46006775      -1.42922437      -1.42922437      -1.42922437    
   4.66006851      -1.56911886      -1.56911886      -1.56911886    
   4.86006737      -1.68657863      -1.68657863      -1.68657863    
   5.06006813      -1.77619517      -1.77619517      -1.77619517    
   5.26006889      -1.84212923      -1.84212923      -1.84212923    
   5.46006775      -1.89530051      -1.89530051      -1.89530051    
   5.66006851      -1.94821668      -1.94821668      -1.94821668    
   5.86006737      -2.00931382      -2.00931382      -2.00931382    
   6.06006813      -2.07885575      -2.07885575      -2.07885575    
   6.26006889      -2.14801264      -2.14801264      -2.14801264    
   6.46006775      -2.20152259      -2.20152259      -2.20152259    
   6.66006851      -2.22322083      -2.22322083      -2.22322083    
   6.86006737      -2.20233369      -2.20233369      -2.20233369    
   7.06006813      -2.13852477      -2.13852477      -2.13852477    
   7.26006889      -2.04351425      -2.04351425      -2.04351425    
   7.46006775      -1.93873262      -1.93873262      -1.93873262    
   7.66006851      -1.84934115      -1.84934115      -1.84934115    
   7.86006737      -1.79670370      -1.79670370      -1.79670370    
   8.06006813      -1.79159558      -1.79159558      -1.79159558    
   8.26006889      -1.83062732      -1.83062732      -1.83062732    
   8.46006775      -1.89703166      -1.89703166      -1.89703166    
   8.66006851      -1.96570826      -1.96570826      -1.96570826    
   8.86006737      -2.01098418      -2.01098418      -2.01098418    
   9.06006813      -2.01445913      -2.01445913      -2.01445913    
   9.26006889      -1.97054398      -1.97054398      -1.97054398    
   9.46006775      -1.88777387      -1.88777387      -1.88777387    
   9.66006851      -1.78564763      -1.78564763      -1.78564763    
   9.86006737      -1.68805611      -1.68805611      -1.68805611    
   10.0600681      -1.61552870      -1.61552870      -1.61552870    
   10.2600689      -1.57902956      -1.57902956      -1.57902956    
   10.4600677      -1.57712185      -1.57712185      -1.57712185    
   10.6600685      -1.59744668      -1.59744668      -1.59744668    
   10.8600674      -1.62175155      -1.62175155      -1.62175155    
   11.0600681      -1.63257897      -1.63257897      -1.63257897    
   11.2600689      -1.61924469      -1.61924469      -1.61924469    
   11.4600677      -1.58096623      -1.58096623      -1.58096623    
   11.6600685      -1.52618074      -1.52618074      -1.52618074    
   11.8600674      -1.46849418      -1.46849418      -1.46849418    
   12.0600681      -1.42078769      -1.42078769      -1.42078769    
   12.2600689      -1.38981760      -1.38981760      -1.38981760    
   12.4600677      -1.37331676      -1.37331676      -1.37331676    
   12.6600685      -1.36065018      -1.36065018      -1.36065018    
   12.8600674      -1.33689451      -1.33689451      -1.33689451    
   13.0600681      -1.28869343      -1.28869343      -1.28869343    
   13.2600689      -1.20986879      -1.20986879      -1.20986879    
   13.4600677      -1.10457265      -1.10457265      -1.10457265    
   13.6600685     -0.986772537     -0.986772537     -0.986772537    
   13.8600674     -0.876181245     -0.876181245     -0.876181245    
   14.0600681     -0.791919827     -0.791919827     -0.791919827    
   14.2600689     -0.746126294     -0.746126294     -0.746126294    
   14.4600677     -0.739744127     -0.739744127     -0.739744127    
   14.6600685     -0.761900663     -0.761900663     -0.761900663    
   14.8600693     -0.793213129     -0.793213129     -0.793213129    
   15.0600700     -0.811838448     -0.811838448     -0.811838448    
   15.2600670     -0.800300479     -0.800300479     -0.800300479    
   15.4600677     -0.750793815     -0.750793815     -0.750793815    
   15.6600685     -0.667307556     -0.667307556     -0.667307556    
   15.8600693     -0.563959599     -0.563959599     -0.563959599    
   16.0600700     -0.460251212     -0.460251212     -0.460251212    
   16.2600670     -0.374965101     -0.374965101     -0.374965101    
   16.4600677     -0.320742875     -0.320742875     -0.320742875    
   16.6600685     -0.301102757     -0.301102757     -0.301102757    
   16.8600693     -0.310609341     -0.310609341     -0.310609341    
   17.0600700     -0.337891579     -0.337891579     -0.337891579    
   17.2600670     -0.370129377     -0.370129377     -0.370129377    
   17.4600677     -0.397301167     -0.397301167     -0.397301167    
   17.6600685     -0.414712787     -0.414712787     -0.414712787    
   17.8600693     -0.423078269     -0.423078269     -0.423078269    
   18.0600700     -0.426469058     -0.426469058     -0.426469058    
   18.2600670     -0.429245263     -0.429245263     -0.429245263    
   18.4600677     -0.433393210     -0.433393210     -0.433393210    
   18.6600685     -0.437507659     -0.437507659     -0.437507659    
   18.8600693     -0.437829822     -0.437829822     -0.437829822    
   19.0600700     -0.430862844     -0.430862844     -0.430862844    
   19.2600670     -0.416362166     -0.416362166     -0.416362166    
   19.4600677     -0.399244756     -0.399244756     -0.399244756    
   19.6600685     -0.389329404     -0.389329404     -0.389329404    
   19.8600693     -0.398655474     -0.398655474     -0.398655474    
   20.0600700     -0.437111408     -0.437111408     -0.437111408    
   20.2600670     -0.507892609     -0.507892609     -0.507892609    
   20.4600677     -0.604554772     -0.604554772     -0.604554772    
   20.6600685     -0.710900247     -0.710900247     -0.710900247    
   20.8600693     -0.804192185     -0.804192185     -0.804192185    
   21.0600700     -0.860851645     -0.860851645     -0.860851645    
   21.2600670     -0.862952471     -0.862952471     -0.862952471    
   21.4600677     -0.803509951     -0.803509951     -0.803509951    
   21.6600685     -0.688747823     -0.688747823     -0.688747823    
   21.8600693     -0.536641479     -0.536641479     -0.536641479    
   22.0600700     -0.372115344     -0.372115344     -0.372115344    
   22.2600670     -0.220434785     -0.220434785     -0.220434785    
   22.4600677     -0.100877225     -0.100877225     -0.100877225    
   22.6600685      -2.26619914E-02  -2.26619914E-02  -2.26619914E-02
   22.8600693       1.57917663E-02   1.57917663E-02   1.57917663E-02
   23.0600700       2.42465306E-02   2.42465306E-02   2.42465306E-02
   23.2600670       1.58498622E-02   1.58498622E-02   1.58498622E-02
   23.4600677       1.99030596E-03   1.99030596E-03   1.99030596E-03
   23.6600685      -1.13504156E-02  -1.13504156E-02  -1.13504156E-02
   23.8600693      -2.45421436E-02  -2.45421436E-02  -2.45421436E-02
   24.0600700      -4.23984975E-02  -4.23984975E-02  -4.23984975E-02
   24.2600670      -7.03515038E-02  -7.03515038E-02  -7.03515038E-02
   24.4600677     -0.110318892     -0.110318892     -0.110318892    
   24.6600685     -0.157965273     -0.157965273     -0.157965273    
   24.8600693     -0.202535406     -0.202535406     -0.202535406    
   25.0600700     -0.229399636     -0.229399636     -0.229399636    
   25.2600670     -0.224453539     -0.224453539     -0.224453539    
   25.4600677     -0.178835437     -0.178835437     -0.178835437    
   25.6600685      -9.22126248E-02  -9.22126248E-02  -9.22126248E-02
   25.8600693       2.65372004E-02   2.65372004E-02   2.65372004E-02
   26.0600700      0.161526978      0.161526978      0.161526978    
   26.2600670      0.294246614      0.294246614      0.294246614    
   26.4600677      0.408625931      0.408625931      0.408625931    
   26.6600685      0.495117188      0.495117188      0.495117188    
   26.8600693      0.552530825      0.552530825      0.552530825    
   27.0600700      0.587169826      0.587169826      0.587169826    
   27.2600670      0.609778643      0.609778643      0.609778643    
   27.4600677      0.631523907      0.631523907      0.631523907    
   27.6600685      0.660480380      0.660480380      0.660480380    
   27.8600693      0.699802637      0.699802637      0.699802637    
   28.0600700      0.747960508      0.747960508      0.747960508    
   28.2600670      0.800713241      0.800713241      0.800713241    
   28.4600677      0.853750944      0.853750944      0.853750944    
   28.6600685      0.904804766      0.904804766      0.904804766    
   28.8600693      0.954354346      0.954354346      0.954354346    
   29.0600700       1.00466549       1.00466549       1.00466549    
   29.2600670       1.05774522       1.05774522       1.05774522    
   29.4600677       1.11316919       1.11316919       1.11316919    
   29.6600685       1.16695392       1.16695392       1.16695392    
   29.8600693       1.21210945       1.21210945       1.21210945    
   30.0600700       1.24087322       1.24087322       1.24087322    
   30.2600670       1.24781764       1.24781764       1.24781764    
   30.4600677       1.23254371       1.23254371       1.23254371    
   30.6600685       1.20084476       1.20084476       1.20084476    
   30.8600693       1.16355193       1.16355193       1.16355193    
   31.0600700       1.13330340       1.13330340       1.13330340    
   31.2600670       1.12027180       1.12027180       1.12027180    
   31.4600677       1.12835312       1.12835312       1.12835312    
   31.6600685       1.15332150       1.15332150       1.15332150    
   31.8600693       1.18375373       1.18375373       1.18375373    
   32.0600700       1.20458865       1.20458865       1.20458865    
   32.2600670       1.20212281       1.20212281       1.20212281    
   32.4600677       1.16878676       1.16878676       1.16878676    
   32.6600685       1.10577893       1.10577893       1.10577893    
   32.8600693       1.02268386       1.02268386       1.02268386    
   33.0600700      0.934018135      0.934018135      0.934018135    
   33.2600670      0.853892267      0.853892267      0.853892267    
   33.4600677      0.790796578      0.790796578      0.790796578    
   33.6600685      0.744459748      0.744459748      0.744459748    
   33.8600693      0.706097722      0.706097722      0.706097722    
   34.0600700      0.662171423      0.662171423      0.662171423    
   34.2600670      0.600428283      0.600428283      0.600428283    
   34.4600677      0.516000092      0.516000092      0.516000092    
   34.6600685      0.415372580      0.415372580      0.415372580    
   34.8600693      0.316390097      0.316390097      0.316390097    
   35.0600700      0.243974492      0.243974492      0.243974492    
   35.2600670      0.222745448      0.222745448      0.222745448    
   35.4600677      0.268783927      0.268783927      0.268783927    
   35.6600685      0.383385599      0.383385599      0.383385599    
   35.8600693      0.550957620      0.550957620      0.550957620    
   36.0600700      0.742086411      0.742086411      0.742086411    
   36.2600670      0.920965910      0.920965910      0.920965910    
   36.4600677       1.05500853       1.05500853       1.05500853    
   36.6600685       1.12366021       1.12366021       1.12366021    
   36.8600693       1.12369859       1.12369859       1.12369859    
   37.0600700       1.06931710       1.06931710       1.06931710    
   37.2600670      0.987200975      0.987200975      0.987200975    
   37.4600677      0.908100903      0.908100903      0.908100903    
   37.6600685      0.857850909      0.857850909      0.857850909    
   37.8600693      0.850550473      0.850550473      0.850550473    
   38.0600700      0.886009932      0.886009932      0.886009932    
   38.2600670      0.951961577      0.951961577      0.951961577    
   38.4600677       1.02996969       1.02996969       1.02996969    
   38.6600685       1.10273433       1.10273433       1.10273433    
   38.8600693       1.16016912       1.16016912       1.16016912    
   39.0600700       1.20223451       1.20223451       1.20223451    
   39.2600670       1.23768413       1.23768413       1.23768413    
   39.4600677       1.27952111       1.27952111       1.27952111    
   39.6600685       1.33898830       1.33898830       1.33898830    
   39.8600693       1.42045963       1.42045963       1.42045963    
   40.0600700       1.51915431       1.51915431       1.51915431    
   40.2600670       1.62238610       1.62238610       1.62238610    
   40.4600677       1.71390128       1.71390128       1.71390128    
   40.6600685       1.77943826       1.77943826       1.77943826    
   40.8600693       1.81147897       1.81147897       1.81147897    
   41.0600700       1.81139612       1.81139612       1.81139612    
   41.2600670       1.78824651       1.78824651       1.78824651    
   41.4600677       1.75478828       1.75478828       1.75478828    
   41.6600685       1.72239244       1.72239244       1.72239244    
   41.8600693       1.69689846       1.69689846       1.69689846    
   42.0600700       1.67703998       1.67703998       1.67703998    
   42.2600670       1.65614951       1.65614951       1.65614951    
   42.4600677       1.62634432       1.62634432       1.62634432    
   42.6600685       1.58349943       1.58349943       1.58349943    
   42.8600693       1.53082645       1.53082645       1.53082645    
   43.0600700       1.47940731       1.47940731       1.47940731    
   43.2600670       1.44503069       1.44503069       1.44503069    
   43.4600677       1.44236755       1.44236755       1.44236755    
   43.6600685       1.47843897       1.47843897       1.47843897    
   43.8600693       1.54797590       1.54797590       1.54797590    
   44.0600700       1.63261199       1.63261199       1.63261199    
   44.2600670       1.70477915       1.70477915       1.70477915    
   44.4600677       1.73532438       1.73532438       1.73532438    
   44.6600685       1.70254290       1.70254290       1.70254290    
   44.8600693       1.59961605       1.59961605       1.59961605    
   45.0600700       1.43785095       1.43785095       1.43785095    
   45.2600670       1.24431622       1.24431622       1.24431622    
   45.4600677       1.05440521       1.05440521       1.05440521    
   45.6600685      0.901619554      0.901619554      0.901619554    
   45.8600693      0.807742774      0.807742774      0.807742774    
   46.0600700      0.776674211      0.776674211      0.776674211    
   46.2600670      0.793908834      0.793908834      0.793908834    
   46.4600677      0.831888974      0.831888974      0.831888974    
   46.6600723      0.859337866      0.859337866      0.859337866    
   46.8600693      0.851477206      0.851477206      0.851477206    
   47.0600662      0.797679424      0.797679424      0.797679424    
   47.2600708      0.703919291      0.703919291      0.703919291    
   47.4600677      0.589355350      0.589355350      0.589355350    
   47.6600723      0.478198349      0.478198349      0.478198349    
   47.8600693      0.389892787      0.389892787      0.389892787    
   48.0600662      0.331053495      0.331053495      0.331053495    
   48.2600708      0.292128831      0.292128831      0.292128831    
   48.4600677      0.250084132      0.250084132      0.250084132    
   48.6600723      0.176291436      0.176291436      0.176291436    
   48.8600693       4.70129028E-02   4.70129028E-02   4.70129028E-02
   49.0600662     -0.147148341     -0.147148341     -0.147148341    
   49.2600708     -0.396151453     -0.396151453     -0.396151453    
   49.4600677     -0.671634674     -0.671634674     -0.671634674    
   49.6600723     -0.934202313     -0.934202313     -0.934202313    
   49.8600693      -1.14444923      -1.14444923      -1.14444923    
   50.0600662      -1.27446568      -1.27446568      -1.27446568    
   50.2600708      -1.31589389      -1.31589389      -1.31589389    
   50.4600677      -1.28215063      -1.28215063      -1.28215063    
   50.6600723      -1.20407605      -1.20407605      -1.20407605    
   50.8600693      -1.12055111      -1.12055111      -1.12055111    
   51.0600662      -1.06701303      -1.06701303      -1.06701303    
   51.2600708      -1.06578302      -1.06578302      -1.06578302    
   51.4600677      -1.12090027      -1.12090027      -1.12090027    
   51.6600723      -1.21903038      -1.21903038      -1.21903038    
   51.8600693      -1.33566988      -1.33566988      -1.33566988    
   52.0600662      -1.44433928      -1.44433928      -1.44433928    
   52.2600708      -1.52539086      -1.52539086      -1.52539086    
   52.4600677      -1.57155192      -1.57155192      -1.57155192    
   52.6600723      -1.58844101      -1.58844101      -1.58844101    
   52.8600693      -1.59019017      -1.59019017      -1.59019017    
   53.0600662      -1.59207129      -1.59207129      -1.59207129    
   53.2600708      -1.60300934      -1.60300934      -1.60300934    
   53.4600677      -1.62081397      -1.62081397      -1.62081397    
   53.6600723      -1.63204992      -1.63204992      -1.63204992    
   53.8600693      -1.61666572      -1.61666572      -1.61666572    
   54.0600662      -1.55581844      -1.55581844      -1.55581844    
   54.2600708      -1.44015157      -1.44015157      -1.44015157    
   54.4600677      -1.27555978      -1.27555978      -1.27555978    
   54.6600723      -1.08415067      -1.08415067      -1.08415067    
   54.8600693     -0.899952650     -0.899952650     -0.899952650    
   55.0600662     -0.760309398     -0.760309398     -0.760309398    
   55.2600708     -0.695684433     -0.695684433     -0.695684433    
   55.4600677     -0.720897138     -0.720897138     -0.720897138    
   55.6600723     -0.830518603     -0.830518603     -0.830518603    
   55.8600693     -0.999810457     -0.999810457     -0.999810457    
   56.0600662      -1.19088876      -1.19088876      -1.19088876    
   56.2600708      -1.36226141      -1.36226141      -1.36226141    
   56.4600677      -1.47880876      -1.47880876      -1.47880876    
   56.6600723      -1.51957500      -1.51957500      -1.51957500    
   56.8600693      -1.48115242      -1.48115242      -1.48115242    
   57.0600662      -1.37629259      -1.37629259      -1.37629259    
   57.2600708      -1.22847950      -1.22847950      -1.22847950    
   57.4600677      -1.06461442      -1.06461442      -1.06461442    
   57.6600723     -0.908035636     -0.908035636     -0.908035636    
   57.8600693     -0.773958206     -0.773958206     -0.773958206    
   58.0600662     -0.668205559     -0.668205559     -0.668205559    
   58.2600708     -0.589077711     -0.589077711     -0.589077711    
   58.4600677     -0.531099916     -0.531099916     -0.531099916    
   58.6600723     -0.488966942     -0.488966942     -0.488966942    
   58.8600693     -0.460180193     -0.460180193     -0.460180193    
   59.0600662     -0.445530415     -0.445530415     -0.445530415    
   59.2600708     -0.447552264     -0.447552264     -0.447552264    
   59.4600677     -0.467831492     -0.467831492     -0.467831492    
   59.6600723     -0.504485488     -0.504485488     -0.504485488    
   59.8600693     -0.551054776     -0.551054776     -0.551054776    
   60.0600662     -0.597405255     -0.597405255     -0.597405255    
   60.2600708     -0.632465184     -0.632465184     -0.632465184    
   60.4600677     -0.647887826     -0.647887826     -0.647887826    
   60.6600723     -0.641322672     -0.641322672     -0.641322672    
   60.8600693     -0.618061066     -0.618061066     -0.618061066    
   61.0600662     -0.590296745     -0.590296745     -0.590296745    
   61.2600708     -0.574140191     -0.574140191     -0.574140191    
   61.4600677     -0.585145116     -0.585145116     -0.585145116    
   61.6600723     -0.633716643     -0.633716643     -0.633716643    
   61.8600693     -0.721742153     -0.721742153     -0.721742153    
   62.0600662     -0.841549098     -0.841549098     -0.841549098    
   62.2600708     -0.977429032     -0.977429032     -0.977429032    
   62.4600677      -1.10925448      -1.10925448      -1.10925448    
   62.6600723      -1.21727800      -1.21727800      -1.21727800    
   62.8600693      -1.28658259      -1.28658259      -1.28658259    
   63.0600662      -1.31020522      -1.31020522      -1.31020522    
   63.2600708      -1.29002964      -1.29002964      -1.29002964    
   63.4600677      -1.23555744      -1.23555744      -1.23555744    
   63.6600723      -1.16095209      -1.16095209      -1.16095209    
   63.8600693      -1.08134425      -1.08134425      -1.08134425    
   64.0600662      -1.00938821      -1.00938821      -1.00938821    
   64.2600708     -0.952872753     -0.952872753     -0.952872753    
   64.4600677     -0.913790226     -0.913790226     -0.913790226    
   64.6600723     -0.888805687     -0.888805687     -0.888805687    
   64.8600693     -0.870812953     -0.870812953     -0.870812953    
   65.0600662     -0.850944936     -0.850944936     -0.850944936    
   65.2600708     -0.820612371     -0.820612371     -0.820612371    
   65.4600677     -0.773130119     -0.773130119     -0.773130119    
   65.6600723     -0.704830348     -0.704830348     -0.704830348    
   65.8600693     -0.615682483     -0.615682483     -0.615682483    
   66.0600662     -0.509432852     -0.509432852     -0.509432852    
   66.2600708     -0.393408120     -0.393408120     -0.393408120    
   66.4600677     -0.277915120     -0.277915120     -0.277915120    
   66.6600723     -0.175125927     -0.175125927     -0.175125927    
   66.8600693      -9.74972099E-02  -9.74972099E-02  -9.74972099E-02
   67.0600662      -5.56633770E-02  -5.56633770E-02  -5.56633770E-02
   67.2600708      -5.61853126E-02  -5.61853126E-02  -5.61853126E-02
   67.4600677      -9.95036513E-02  -9.95036513E-02  -9.95036513E-02
   67.6600723     -0.178721964     -0.178721964     -0.178721964    
   67.8600693     -0.279672414     -0.279672414     -0.279672414    
   68.0600662     -0.382620454     -0.382620454     -0.382620454    
   68.2600708     -0.465424210     -0.465424210     -0.465424210    
   68.4600677     -0.507714868     -0.507714868     -0.507714868    
   68.6600723     -0.495256454     -0.495256454     -0.495256454    
   68.8600693     -0.423406005     -0.423406005     -0.423406005    
   69.0600662     -0.298831254     -0.298831254     -0.298831254    
   69.2600708     -0.138879955     -0.138879955     -0.138879955    
   69.4600677       3.13748419E-02   3.13748419E-02   3.13748419E-02
   69.6600723      0.183990344      0.183990344      0.183990344    
   69.8600693      0.293682933      0.293682933      0.293682933    
   70.0600662      0.342992991      0.342992991      0.342992991    
   70.2600708      0.325715989      0.325715989      0.325715989    
   70.4600677      0.247875571      0.247875571      0.247875571    
   70.6600723      0.126041487      0.126041487      0.126041487    
   70.8600693      -1.66133158E-02  -1.66133158E-02  -1.66133158E-02
   71.0600662     -0.155522779     -0.155522779     -0.155522779    
   71.2600708     -0.269893855     -0.269893855     -0.269893855    
   71.4600677     -0.346622288     -0.346622288     -0.346622288    
   71.6600723     -0.382148206     -0.382148206     -0.382148206    
   71.8600693     -0.381868809     -0.381868809     -0.381868809    
   72.0600662     -0.357531220     -0.357531220     -0.357531220    
   72.2600708     -0.323434055     -0.323434055     -0.323434055    
   72.4600677     -0.292577535     -0.292577535     -0.292577535    
   72.6600723     -0.273759961     -0.273759961     -0.273759961    
   72.8600693     -0.270340323     -0.270340323     -0.270340323    
   73.0600662     -0.280759454     -0.280759454     -0.280759454    
   73.2600708     -0.300447464     -0.300447464     -0.300447464    
   73.4600677     -0.324267030     -0.324267030     -0.324267030    
   73.6600723     -0.348646909     -0.348646909     -0.348646909    
   73.8600693     -0.372627348     -0.372627348     -0.372627348    
   74.0600662     -0.397544324     -0.397544324     -0.397544324    
   74.2600708     -0.425541520     -0.425541520     -0.425541520    
   74.4600677     -0.457537025     -0.457537025     -0.457537025    
   74.6600723     -0.491487771     -0.491487771     -0.491487771    
   74.8600693     -0.521633506     -0.521633506     -0.521633506    
   75.0600662     -0.539151371     -0.539151371     -0.539151371    
   75.2600708     -0.534049630     -0.534049630     -0.534049630    
   75.4600677     -0.497763216     -0.497763216     -0.497763216    
   75.6600723     -0.425631136     -0.425631136     -0.425631136    
   75.8600693     -0.318411171     -0.318411171     -0.318411171    
   76.0600662     -0.182347074     -0.182347074     -0.182347074    
   76.2600708      -2.77908482E-02  -2.77908482E-02  -2.77908482E-02
   76.4600677      0.133146256      0.133146256      0.133146256    
   76.6600723      0.289195389      0.289195389      0.289195389    
   76.8600693      0.431791604      0.431791604      0.431791604    
   77.0600662      0.555855155      0.555855155      0.555855155    
   77.2600708      0.659221888      0.659221888      0.659221888    
   77.4600677      0.741239786      0.741239786      0.741239786    
   77.6600723      0.801307559      0.801307559      0.801307559    
   77.8600693      0.838073611      0.838073611      0.838073611    
   78.0600662      0.849883318      0.849883318      0.849883318    
   78.2600708      0.836338758      0.836338758      0.836338758    
   78.4600677      0.800402164      0.800402164      0.800402164    
   78.6600723      0.750003159      0.750003159      0.750003159    
   78.8600693      0.698163986      0.698163986      0.698163986    
   79.0600662      0.660989046      0.660989046      0.660989046    
   79.2600708      0.653706133      0.653706133      0.653706133    
   79.4600677      0.685699761      0.685699761      0.685699761    
   79.6600723      0.756095648      0.756095648      0.756095648    
   79.8600693      0.851590633      0.851590633      0.851590633    
   80.0600662      0.947808564      0.947808564      0.947808564    
   80.2600708       1.01435328       1.01435328       1.01435328    
   80.4600677       1.02271080       1.02271080       1.02271080    
   80.6600723      0.954931438      0.954931438      0.954931438    
   80.8600693      0.810563862      0.810563862      0.810563862    
   81.0600662      0.609422505      0.609422505      0.609422505    
   81.2600708      0.388921052      0.388921052      0.388921052    
   81.4600677      0.196104154      0.196104154      0.196104154    
   81.6600723       7.60912821E-02   7.60912821E-02   7.60912821E-02
   81.8600693       6.00752346E-02   6.00752346E-02   6.00752346E-02
   82.0600662      0.156159878      0.156159878      0.156159878    
   82.2600708      0.345916837      0.345916837      0.345916837    
   82.4600677      0.587920904      0.587920904      0.587920904    
   82.6600723      0.827738225      0.827738225      0.827738225    
   82.8600693       1.01166832       1.01166832       1.01166832    
   83.0600662       1.10072064       1.10072064       1.10072064    
   83.2600708       1.08072937       1.08072937       1.08072937    
   83.4600677      0.965849638      0.965849638      0.965849638    
   83.6600723      0.794257879      0.794257879      0.794257879    
   83.8600693      0.617315114      0.617315114      0.617315114    
   84.0600662      0.485132724      0.485132724      0.485132724    
   84.2600708      0.432768583      0.432768583      0.432768583    
   84.4600677      0.470876724      0.470876724      0.470876724    
   84.6600723      0.583531439      0.583531439      0.583531439    
   84.8600693      0.733678401      0.733678401      0.733678401    
   85.0600662      0.874626219      0.874626219      0.874626219    
   85.2600708      0.964022398      0.964022398      0.964022398    
   85.4600677      0.976243317      0.976243317      0.976243317    
   85.6600723      0.909641981      0.909641981      0.909641981    
   85.8600693      0.786460459      0.786460459      0.786460459    
   86.0600662      0.645650566      0.645650566      0.645650566    
   86.2600708      0.530811131      0.530811131      0.530811131    
   86.4600677      0.476878077      0.476878077      0.476878077    
   86.6600723      0.499435931      0.499435931      0.499435931    
   86.8600693      0.589905024      0.589905024      0.589905024    
   87.0600662      0.717835367      0.717835367      0.717835367    
   87.2600708      0.839607656      0.839607656      0.839607656    
   87.4600677      0.910872817      0.910872817      0.910872817    
   87.6600723      0.899212241      0.899212241      0.899212241    
   87.8600693      0.793231964      0.793231964      0.793231964    
   88.0600662      0.605751872      0.605751872      0.605751872    
   88.2600708      0.370213300      0.370213300      0.370213300    
   88.4600677      0.131648406      0.131648406      0.131648406    
   88.6600723      -6.52365908E-02  -6.52365908E-02  -6.52365908E-02
   88.8600693     -0.187229440     -0.187229440     -0.187229440    
   89.0600662     -0.220175847     -0.220175847     -0.220175847    
   89.2600708     -0.170886874     -0.170886874     -0.170886874    
   89.4600677      -6.32806197E-02  -6.32806197E-02  -6.32806197E-02
   89.6600723       6.97996169E-02   6.97996169E-02   6.97996169E-02
   89.8600693      0.196419597      0.196419597      0.196419597    
   90.0600662      0.294219106      0.294219106      0.294219106    
   90.2600708      0.355325907      0.355325907      0.355325907    
   90.4600677      0.386487871      0.386487871      0.386487871    
   90.6600723      0.404738158      0.404738158      0.404738158    
   90.8600693      0.430212677      0.430212677      0.430212677    
   91.0600662      0.478645921      0.478645921      0.478645921    
   91.2600708      0.555892408      0.555892408      0.555892408    
   91.4600677      0.656179547      0.656179547      0.656179547    
   91.6600723      0.764507115      0.764507115      0.764507115    
   91.8600693      0.862195909      0.862195909      0.862195909    
   92.0600662      0.933713973      0.933713973      0.933713973    
   92.2600708      0.972462654      0.972462654      0.972462654    
   92.4600677      0.983439386      0.983439386      0.983439386    
   92.6600723      0.981970191      0.981970191      0.981970191    
   92.8600693      0.988766074      0.988766074      0.988766074    
   93.0600662       1.02274394       1.02274394       1.02274394    
   93.2600708       1.09409475       1.09409475       1.09409475    
   93.4600677       1.19966924       1.19966924       1.19966924    
   93.6600723       1.32247210       1.32247210       1.32247210    
   93.8600693       1.43544161       1.43544161       1.43544161    
   94.0600662       1.50877392       1.50877392       1.50877392    
   94.2600708       1.51846635       1.51846635       1.51846635    
   94.4600677       1.45357895       1.45357895       1.45357895    
   94.6600723       1.32006729       1.32006729       1.32006729    
   94.8600693       1.13973594       1.13973594       1.13973594    
   95.0600662      0.944598794      0.944598794      0.944598794    
   95.2600708      0.768242240      0.768242240      0.768242240    
   95.4600677      0.636725664      0.636725664      0.636725664    
   95.6600723      0.561664164      0.561664164      0.561664164    
   95.8600693      0.537747562      0.537747562      0.537747562    
   96.0600662      0.545355141      0.545355141      0.545355141    
   96.2600708      0.557505965      0.557505965      0.557505965    
   96.4600677      0.548982620      0.548982620      0.548982620    
   96.6600723      0.504804015      0.504804015      0.504804015    
   96.8600693      0.425329804      0.425329804      0.425329804    
   97.0600662      0.326340139      0.326340139      0.326340139    
   97.2600708      0.234083056      0.234083056      0.234083056    
   97.4600677      0.176727250      0.176727250      0.176727250    
   97.6600723      0.175014347      0.175014347      0.175014347    
   97.8600693      0.235028133      0.235028133      0.235028133    
   98.0600662      0.345538586      0.345538586      0.345538586    
   98.2600708      0.480815530      0.480815530      0.480815530    
   98.4600677      0.608053029      0.608053029      0.608053029    
   98.6600723      0.697207272      0.697207272      0.697207272    
   98.8600693      0.730010033      0.730010033      0.730010033    
   99.0600662      0.705313683      0.705313683      0.705313683    
   99.2600708      0.638990045      0.638990045      0.638990045    
   99.4600677      0.558439434      0.558439434      0.558439434    
   99.6600723      0.493345648      0.493345648      0.493345648    
   99.8600693      0.465892851      0.465892851      0.465892851    
   100.060066      0.483501494      0.483501494      0.483501494    
   100.260071      0.536664546      0.536664546      0.536664546    
   100.460068      0.602616131      0.602616131      0.602616131    
   100.660072      0.653739035      0.653739035      0.653739035    
   100.860069      0.667938650      0.667938650      0.667938650    
   101.060066      0.637553573      0.637553573      0.637553573    
   101.260071      0.573616922      0.573616922      0.573616922    
   101.460068      0.503974915      0.503974915      0.503974915    
   101.660072      0.465449095      0.465449095      0.465449095    
   101.860069      0.492472410      0.492472410      0.492472410    
   102.060066      0.605702996      0.605702996      0.605702996    
   102.260071      0.804250419      0.804250419      0.804250419    
   102.460068       1.06419933       1.06419933       1.06419933    
   102.660072       1.34411395       1.34411395       1.34411395    
   102.860069       1.59593904       1.59593904       1.59593904    
   103.060066       1.77828610       1.77828610       1.77828610    
   103.260071       1.86797154       1.86797154       1.86797154    
   103.460068       1.86639547       1.86639547       1.86639547    
   103.660072       1.79890943       1.79890943       1.79890943    
   103.860069       1.70741475       1.70741475       1.70741475    
   104.060066       1.63841820       1.63841820       1.63841820    
   104.260071       1.63023996       1.63023996       1.63023996    
   104.460068       1.70309293       1.70309293       1.70309293    
   104.660072       1.85480201       1.85480201       1.85480201    
   104.860069       2.06304336       2.06304336       2.06304336    
   105.060066       2.29313588       2.29313588       2.29313588    
   105.260071       2.50852919       2.50852919       2.50852919    
   105.460068       2.68073106       2.68073106       2.68073106    
   105.660072       2.79564381       2.79564381       2.79564381    
   105.860069       2.85470319       2.85470319       2.85470319    
   106.060066       2.87106609       2.87106609       2.87106609    
   106.260071       2.86236143       2.86236143       2.86236143    
   106.460068       2.84312153       2.84312153       2.84312153    
   106.660072       2.81913614       2.81913614       2.81913614    
   106.860069       2.78582644       2.78582644       2.78582644    
   107.060066       2.73077917       2.73077917       2.73077917    
   107.260071       2.63935018       2.63935018       2.63935018    
   107.460068       2.50113964       2.50113964       2.50113964    
   107.660072       2.31499362       2.31499362       2.31499362    
   107.860069       2.09075999       2.09075999       2.09075999    
   108.060066       1.84716868       1.84716868       1.84716868    
   108.260071       1.60688818       1.60688818       1.60688818    
   108.460068       1.39022088       1.39022088       1.39022088    
   108.660072       1.20981264       1.20981264       1.20981264    
   108.860069       1.06806993       1.06806993       1.06806993    
   109.060066      0.957990527      0.957990527      0.957990527    
   109.260071      0.867048621      0.867048621      0.867048621    
   109.460068      0.782596409      0.782596409      0.782596409    
   109.660072      0.696897864      0.696897864      0.696897864    
   109.860069      0.610066891      0.610066891      0.610066891    
   110.060066      0.529950678      0.529950678      0.529950678    
   110.260071      0.469159126      0.469159126      0.469159126    
   110.460068      0.440275073      0.440275073      0.440275073    
   110.660065      0.450946897      0.450946897      0.450946897    
   110.860077      0.500546813      0.500546813      0.500546813    
   111.060074      0.579444706      0.579444706      0.579444706    
   111.260071      0.671120822      0.671120822      0.671120822    
   111.460068      0.756408989      0.756408989      0.756408989    
   111.660065      0.818540692      0.818540692      0.818540692    
   111.860077      0.847484887      0.847484887      0.847484887    
   112.060074      0.842448652      0.842448652      0.842448652    
   112.260071      0.811903536      0.811903536      0.811903536    
   112.460068      0.771391094      0.771391094      0.771391094    
   112.660065      0.739748895      0.739748895      0.739748895    
   112.860077      0.734919965      0.734919965      0.734919965    
   113.060074      0.770172298      0.770172298      0.770172298    
   113.260071      0.851554275      0.851554275      0.851554275    
   113.460068      0.976772904      0.976772904      0.976772904    
   113.660065       1.13552618       1.13552618       1.13552618    
   113.860077       1.31098950       1.31098950       1.31098950    
   114.060074       1.48212326       1.48212326       1.48212326    
   114.260071       1.62672615       1.62672615       1.62672615    
   114.460068       1.72473741       1.72473741       1.72473741    
   114.660065       1.76159418       1.76159418       1.76159418    
   114.860077       1.73117244       1.73117244       1.73117244    
   115.060074       1.63778353       1.63778353       1.63778353    
   115.260071       1.49641049       1.49641049       1.49641049    
   115.460068       1.33101165       1.33101165       1.33101165    
   115.660065       1.17065740       1.17065740       1.17065740    
   115.860077       1.04411912       1.04411912       1.04411912    
   116.060074      0.974100292      0.974100292      0.974100292    
   116.260071      0.972201109      0.972201109      0.972201109    
   116.460068       1.03636098       1.03636098       1.03636098    
   116.660065       1.15127730       1.15127730       1.15127730    
   116.860077       1.29209578       1.29209578       1.29209578    
   117.060074       1.43024004       1.43024004       1.43024004    
   117.260071       1.54023063       1.54023063       1.54023063    
   117.460068       1.60522687       1.60522687       1.60522687    
   117.660065       1.62001765       1.62001765       1.62001765    
   117.860077       1.59066689       1.59066689       1.59066689    
   118.060074       1.53102887       1.53102887       1.53102887    
   118.260071       1.45741022       1.45741022       1.45741022    
   118.460068       1.38305998       1.38305998       1.38305998    
   118.660065       1.31447899       1.31447899       1.31447899    
   118.860077       1.25040710       1.25040710       1.25040710    
   119.060074       1.18390667       1.18390667       1.18390667    
   119.260071       1.10657120       1.10657120       1.10657120    
   119.460068       1.01334822       1.01334822       1.01334822    
   119.660065      0.906115413      0.906115413      0.906115413    
   119.860077      0.794817746      0.794817746      0.794817746    
   120.060074      0.695567846      0.695567846      0.695567846    
   120.260071      0.626299083      0.626299083      0.626299083    
   120.460068      0.601494730      0.601494730      0.601494730    
   120.660065      0.627500176      0.627500176      0.627500176    
   120.860077      0.700118065      0.700118065      0.700118065    
   121.060074      0.805057466      0.805057466      0.805057466    
   121.260071      0.921169519      0.921169519      0.921169519    
   121.460068       1.02533233       1.02533233       1.02533233    
   121.660065       1.09749591       1.09749591       1.09749591    
   121.860077       1.12445509       1.12445509       1.12445509    
   122.060074       1.10152507       1.10152507       1.10152507    
   122.260071       1.03190482       1.03190482       1.03190482    
   122.460068      0.924466968      0.924466968      0.924466968    
   122.660065      0.790941894      0.790941894      0.790941894    
   122.860077      0.643540680      0.643540680      0.643540680    
   123.060074      0.493705571      0.493705571      0.493705571    
   123.260071      0.351703793      0.351703793      0.351703793    
   123.460068      0.226958185      0.226958185      0.226958185    
   123.660065      0.127994299      0.127994299      0.127994299    
   123.860077       6.16500713E-02   6.16500713E-02   6.16500713E-02
   124.060074       3.14439125E-02   3.14439125E-02   3.14439125E-02
   124.260071       3.55125703E-02   3.55125703E-02   3.55125703E-02
   124.460068       6.52404428E-02   6.52404428E-02   6.52404428E-02
   124.660065      0.105410628      0.105410628      0.105410628    
   124.860077      0.136446416      0.136446416      0.136446416    
   125.060074      0.138640180      0.138640180      0.138640180    
   125.260071       9.72859189E-02   9.72859189E-02   9.72859189E-02
   125.460068       7.19022565E-03   7.19022565E-03   7.19022565E-03
   125.660065     -0.124961078     -0.124961078     -0.124961078    
   125.860077     -0.281417757     -0.281417757     -0.281417757    
   126.060074     -0.437438816     -0.437438816     -0.437438816    
   126.260071     -0.567667186     -0.567667186     -0.567667186    
   126.460068     -0.652809203     -0.652809203     -0.652809203    
   126.660065     -0.684727669     -0.684727669     -0.684727669    
   126.860077     -0.668226719     -0.668226719     -0.668226719    
   127.060074     -0.619049132     -0.619049132     -0.619049132    
   127.260071     -0.558627427     -0.558627427     -0.558627427    
   127.460068     -0.507411540     -0.507411540     -0.507411540    
   127.660065     -0.478937387     -0.478937387     -0.478937387    
   127.860077     -0.476512343     -0.476512343     -0.476512343    
   128.060074     -0.493557513     -0.493557513     -0.493557513    
   128.260071     -0.517309487     -0.517309487     -0.517309487    
   128.460068     -0.534417152     -0.534417152     -0.534417152    
   128.660065     -0.536298871     -0.536298871     -0.536298871    
   128.860077     -0.522321045     -0.522321045     -0.522321045    
   129.060074     -0.499636739     -0.499636739     -0.499636739    
   129.260071     -0.479768932     -0.479768932     -0.479768932    
   129.460068     -0.473316938     -0.473316938     -0.473316938    
   129.660065     -0.484833211     -0.484833211     -0.484833211    
   129.860077     -0.509950101     -0.509950101     -0.509950101    
   130.060074     -0.535999179     -0.535999179     -0.535999179    
   130.260071     -0.546176195     -0.546176195     -0.546176195    
   130.460068     -0.525743902     -0.525743902     -0.525743902    
   130.660065     -0.468265384     -0.468265384     -0.468265384    
   130.860077     -0.379404634     -0.379404634     -0.379404634    
   131.060074     -0.276863039     -0.276863039     -0.276863039    
   131.260071     -0.186123744     -0.186123744     -0.186123744    
   131.460068     -0.133339986     -0.133339986     -0.133339986    
   131.660065     -0.137559697     -0.137559697     -0.137559697    
   131.860077     -0.204947382     -0.204947382     -0.204947382    
   132.060074     -0.326791674     -0.326791674     -0.326791674    
   132.260071     -0.482112527     -0.482112527     -0.482112527    
   132.460068     -0.643911958     -0.643911958     -0.643911958    
   132.660065     -0.786954284     -0.786954284     -0.786954284    
   132.860077     -0.894557536     -0.894557536     -0.894557536    
   133.060074     -0.962182462     -0.962182462     -0.962182462    
   133.260071     -0.996918797     -0.996918797     -0.996918797    
   133.460068      -1.01323056      -1.01323056      -1.01323056    
   133.660065      -1.02679801      -1.02679801      -1.02679801    
   133.860077      -1.04881120      -1.04881120      -1.04881120    
   134.060074      -1.08271480      -1.08271480      -1.08271480    
   134.260071      -1.12454534      -1.12454534      -1.12454534    
   134.460068      -1.16633034      -1.16633034      -1.16633034    
   134.660065      -1.20101869      -1.20101869      -1.20101869    
   134.860077      -1.22671866      -1.22671866      -1.22671866    
   135.060074      -1.24830079      -1.24830079      -1.24830079    
   135.260071      -1.27547765      -1.27547765      -1.27547765    
   135.460068      -1.31800950      -1.31800950      -1.31800950    
   135.660065      -1.37991166      -1.37991166      -1.37991166    
   135.860077      -1.45508635      -1.45508635      -1.45508635    
   136.060074      -1.52655971      -1.52655971      -1.52655971    
   136.260071      -1.57027209      -1.57027209      -1.57027209    
   136.460068      -1.56251979      -1.56251979      -1.56251979    
   136.660065      -1.48891389      -1.48891389      -1.48891389    
   136.860077      -1.35160553      -1.35160553      -1.35160553    
   137.060074      -1.17210162      -1.17210162      -1.17210162    
   137.260071     -0.987969875     -0.987969875     -0.987969875    
   137.460068     -0.843977571     -0.843977571     -0.843977571    
   137.660065     -0.780063629     -0.780063629     -0.780063629    
   137.860077     -0.819618404     -0.819618404     -0.819618404    
   138.060074     -0.961928129     -0.961928129     -0.961928129    
   138.260071      -1.18126571      -1.18126571      -1.18126571    
   138.460068      -1.43317294      -1.43317294      -1.43317294    
   138.660065      -1.66618371      -1.66618371      -1.66618371    
   138.860077      -1.83556330      -1.83556330      -1.83556330    
   139.060074      -1.91471934      -1.91471934      -1.91471934    
   139.260071      -1.90115941      -1.90115941      -1.90115941    
   139.460068      -1.81499469      -1.81499469      -1.81499469    
   139.660065      -1.69098866      -1.69098866      -1.69098866    
   139.860077      -1.56668043      -1.56668043      -1.56668043    
   140.060074      -1.47073400      -1.47073400      -1.47073400    
   140.260071      -1.41492939      -1.41492939      -1.41492939    
   140.460068      -1.39257753      -1.39257753      -1.39257753    
   140.660065      -1.38311791      -1.38311791      -1.38311791    
   140.860077      -1.36132812      -1.36132812      -1.36132812    
   141.060074      -1.30757296      -1.30757296      -1.30757296    
   141.260071      -1.21557999      -1.21557999      -1.21557999    
   141.460068      -1.09510231      -1.09510231      -1.09510231    
   141.660065     -0.968696833     -0.968696833     -0.968696833    
   141.860077     -0.863977194     -0.863977194     -0.863977194    
   142.060074     -0.804141581     -0.804141581     -0.804141581    
   142.260071     -0.800120234     -0.800120234     -0.800120234    
   142.460068     -0.847167909     -0.847167909     -0.847167909    
   142.660065     -0.926839232     -0.926839232     -0.926839232    
   142.860077      -1.01368833      -1.01368833      -1.01368833    
   143.060074      -1.08396602      -1.08396602      -1.08396602    
   143.260071      -1.12353861      -1.12353861      -1.12353861    
   143.460068      -1.13187671      -1.13187671      -1.13187671    
   143.660065      -1.12119234      -1.12119234      -1.12119234    
   143.860077      -1.11087513      -1.11087513      -1.11087513    
   144.060074      -1.11957574      -1.11957574      -1.11957574    
   144.260071      -1.15787852      -1.15787852      -1.15787852    
   144.460068      -1.22412741      -1.22412741      -1.22412741    
   144.660065      -1.30514860      -1.30514860      -1.30514860    
   144.860077      -1.38137984      -1.38137984      -1.38137984    
   145.060074      -1.43469441      -1.43469441      -1.43469441    
   145.260071      -1.45587373      -1.45587373      -1.45587373    
   145.460068      -1.44896030      -1.44896030      -1.44896030    
   145.660065      -1.43075848      -1.43075848      -1.43075848    
   145.860077      -1.42530823      -1.42530823      -1.42530823    
   146.060074      -1.45528913      -1.45528913      -1.45528913    
   146.260071      -1.53302133      -1.53302133      -1.53302133    
   146.460068      -1.65431774      -1.65431774      -1.65431774    
   146.660065      -1.79742861      -1.79742861      -1.79742861    
   146.860077      -1.92763948      -1.92763948      -1.92763948    
   147.060074      -2.00622249      -2.00622249      -2.00622249    
   147.260071      -2.00123668      -2.00123668      -2.00123668    
   147.460068      -1.89665425      -1.89665425      -1.89665425    
   147.660065      -1.69720387      -1.69720387      -1.69720387    
   147.860077      -1.42739165      -1.42739165      -1.42739165    
   148.060074      -1.12531328      -1.12531328      -1.12531328    
   148.260071     -0.832842767     -0.832842767     -0.832842767    
   148.460068     -0.585564852     -0.585564852     -0.585564852    
   148.660065     -0.405113697     -0.405113697     -0.405113697    
   148.860077     -0.295945108     -0.295945108     -0.295945108    
   149.060074     -0.247122034     -0.247122034     -0.247122034    
   149.260071     -0.237884790     -0.237884790     -0.237884790    
   149.460068     -0.245153770     -0.245153770     -0.245153770    
   149.660065     -0.250272393     -0.250272393     -0.250272393    
   149.860077     -0.243182957     -0.243182957     -0.243182957    
   150.060074     -0.223073542     -0.223073542     -0.223073542    
   150.260071     -0.195851073     -0.195851073     -0.195851073    
   150.460068     -0.169828519     -0.169828519     -0.169828519    
   150.660065     -0.151377916     -0.151377916     -0.151377916    
   150.860077     -0.142104968     -0.142104968     -0.142104968    
   151.060074     -0.138406545     -0.138406545     -0.138406545    
   151.260071     -0.133230805     -0.133230805     -0.133230805    
   151.460068     -0.119156651     -0.119156651     -0.119156651    
   151.660065      -9.14484560E-02  -9.14484560E-02  -9.14484560E-02
   151.860077      -4.99219373E-02  -4.99219373E-02  -4.99219373E-02
   152.060074       1.00889662E-03   1.00889662E-03   1.00889662E-03
   152.260071       5.40225320E-02   5.40225320E-02   5.40225320E-02
   152.460068      0.101550639      0.101550639      0.101550639    
   152.660065      0.138350457      0.138350457      0.138350457    
   152.860077      0.163105994      0.163105994      0.163105994    
   153.060074      0.178545892      0.178545892      0.178545892    
   153.260071      0.190178767      0.190178767      0.190178767    
   153.460068      0.204309255      0.204309255      0.204309255    
   153.660065      0.226110250      0.226110250      0.226110250    
   153.860077      0.258465856      0.258465856      0.258465856    
   154.060074      0.301910281      0.301910281      0.301910281    
   154.260071      0.355452687      0.355452687      0.355452687    
   154.460068      0.417792529      0.417792529      0.417792529    
   154.660065      0.488150954      0.488150954      0.488150954    
   154.860077      0.566407382      0.566407382      0.566407382    
   155.060074      0.652328372      0.652328372      0.652328372    
   155.260071      0.744391561      0.744391561      0.744391561    
   155.460068      0.838680387      0.838680387      0.838680387    
   155.660065      0.928692997      0.928692997      0.928692997    
   155.860077       1.00629652       1.00629652       1.00629652    
   156.060074       1.06365716       1.06365716       1.06365716    
   156.260071       1.09575260       1.09575260       1.09575260    
   156.460068       1.10235322       1.10235322       1.10235322    
   156.660065       1.08873296       1.08873296       1.08873296    
   156.860077       1.06481063       1.06481063       1.06481063    
   157.060074       1.04259491       1.04259491       1.04259491    
   157.260071       1.03289223       1.03289223       1.03289223    
   157.460068       1.04228127       1.04228127       1.04228127    
   157.660065       1.07131612       1.07131612       1.07131612    
   157.860077       1.11481833       1.11481833       1.11481833    
   158.060074       1.16401803       1.16401803       1.16401803    
   158.260071       1.21008980       1.21008980       1.21008980    
   158.460068       1.24766874       1.24766874       1.24766874    
   158.660065       1.27721739       1.27721739       1.27721739    
   158.860077       1.30528510       1.30528510       1.30528510    
   159.060074       1.34239304       1.34239304       1.34239304    
   159.260071       1.39916694       1.39916694       1.39916694    
   159.460068       1.48193562       1.48193562       1.48193562    
   159.660065       1.58928776       1.58928776       1.58928776    
   159.860077       1.71074581       1.71074581       1.71074581    
   160.060074       1.82830751       1.82830751       1.82830751    
   160.260071       1.92048538       1.92048538       1.92048538    
   160.460068       1.96781421       1.96781421       1.96781421    
   160.660065       1.95812333       1.95812333       1.95812333    
   160.860077       1.89019513       1.89019513       1.89019513    
   161.060074       1.77453041       1.77453041       1.77453041    
   161.260071       1.63095582       1.63095582       1.63095582    
   161.460068       1.48379433       1.48379433       1.48379433    
   161.660065       1.35589933       1.35589933       1.35589933    
   161.860077       1.26321876       1.26321876       1.26321876    
   162.060074       1.21139002       1.21139002       1.21139002    
   162.260071       1.19523394       1.19523394       1.19523394    
   162.460068       1.20106602       1.20106602       1.20106602    
   162.660065       1.21122813       1.21122813       1.21122813    
   162.860077       1.20916045       1.20916045       1.20916045    
   163.060074       1.18378639       1.18378639       1.18378639    
   163.260071       1.13181424       1.13181424       1.13181424    
   163.460068       1.05753934       1.05753934       1.05753934    
   163.660065      0.970416903      0.970416903      0.970416903    
   163.860077      0.881171525      0.881171525      0.881171525    
   164.060074      0.797955513      0.797955513      0.797955513    
   164.260071      0.723571837      0.723571837      0.723571837    
   164.460068      0.654744864      0.654744864      0.654744864    
   164.660065      0.583667636      0.583667636      0.583667636    
   164.860077      0.501094043      0.501094043      0.501094043    
   165.060074      0.400254965      0.400254965      0.400254965    
   165.260071      0.280082524      0.280082524      0.280082524    
   165.460068      0.146875590      0.146875590      0.146875590    
   165.660065       1.36625404E-02   1.36625404E-02   1.36625404E-02
   165.860077     -0.102496989     -0.102496989     -0.102496989    
   166.060074     -0.184684128     -0.184684128     -0.184684128    
   166.260071     -0.220617801     -0.220617801     -0.220617801    
   166.460068     -0.206054479     -0.206054479     -0.206054479    
   166.660065     -0.146218032     -0.146218032     -0.146218032    
   166.860077      -5.47534488E-02  -5.47534488E-02  -5.47534488E-02
   167.060074       4.95557338E-02   4.95557338E-02   4.95557338E-02
